sourceId;lon;lat;elev;value;prid;dqc;sct;rep
SN10380:0;11.3518;62.5773;625;9.9;1;0;1.55;0.78492
SN10800:0;11.8153;62.6793;747;8;1;0;1.55;0.82123
SN11500:0;10.8695;60.7002;264;13.2;1;0;0.09;0.25
SN12290:0;11.0903;60.801;132;14.5;1;0;1.17;1
SN12320:0;11.0697;60.818;221;13.6;1;0;0.6;0.31844
SN12550:0;10.8055;60.7733;128;14;1;0;0.01;0.25
SN12680:0;10.4775;61.0925;240;13.4;1;0;0.33;0.63408
SN13150:0;10.1872;61.4582;200;12.8;1;0;4.86;0.45531
SN13160:0;10.1277;61.4648;1030;6.1;1;0;6.64;1
SN13420:0;10.1082;61.6513;930;7.5;1;0;0.22;0.38128
SN13655:0;9.4023;61.5308;928;8.3;1;0;0.56;0.68156
SN15270:0;8.369;61.6775;1894;-2;1;0;1;1
SN15730:0;7.8955;61.8957;664;7.6;1;0;1.34;0.67598
SN15890:0;7.6637;62.0162;872;4.4;1;0;1.63;0.34358
SN16560:0;9.1147;62.07165;638;8.8;1;0;0.62;0.62291
SN16610:0;9.2862;62.1133;973;5.6;1;0;0.91;0.45112
SN17000:0;10.8288;59.1513;10;15.4;1;0;0.09;0.25
SN17150:0;10.798;59.3742;40;15.5;1;0;0.07;0.25
SN17280:0;10.578;59.4352;14;15.6;1;0;0.04;0.25
SN17850:0;10.7818;59.6605;92;14.8;1;0;0.34;0.25
SN180:0;12.2718;61.2943;360;12.8;1;0;1.26;0.72626
SN18500:0;10.6878;60.0513;360;12.7;1;0;0.35;0.48464
SN18700:0;10.72;59.9423;94;15.2;1;0;0.25;0.37989
SN18950:0;10.6693;59.9847;514;11.5;1;0;2.88;1
SN19710:0;10.4358;59.8558;163;14.7;1;0;0;0.25
SN20301:0;10.2478;60.1665;140;14.5;1;0;0.28;0.49302
SN21680:0;10.0358;60.9345;542;9.4;1;0;7.61;1
SN23410:0;9.2928;61.0128;822;8;1;0;0.05;0.25
SN23420:0;9.224;60.9785;358;11.9;1;0;0;0.25
SN23500:0;9.063;61.122;521;10;1;0;0.79;0.61453
SN23550:0;8.9228;61.2508;965;5.8;1;0;1.27;0.62011
SN24710:0;9.605;60.383;142;14.4;1;0;0.25;0.43715
SN24890:0;9.1323;60.567;166;13.1;1;0;0;0.25
SN25110:0;8.593;60.8548;604;9.9;1;0;1.5;0.42179
SN25112:0;8.5175;60.8705;807;7.6;1;0;0;0.25
SN25630:0;8.1948;60.53;772;6.1;1;0;0.22;0.48603
SN25640:0;8.1483;60.532;841;NA;1;1;NA;NA
SN25830:0;7.527;60.5938;1210;1.6;1;0;0;0.25
SN2650:0;11.5801;59.9119;128;14;1;0;1.12;0.71508
SN26900:0;10.1237;59.7537;8;15.5;1;0;0.31;0.25
SN26990:0;10.215;59.6193;60;14.9;1;0;0;0.25
SN27010:0;10.146;59.713;193;14;1;0;0.1;0.35754
SN27450:0;10.3483;59.23;26;15.3;1;0;0.06;0.25
SN27500:0;10.5242;59.0272;6;15.3;1;0;0;0.25
SN28380:0;9.6377;59.6247;170;13.8;1;0;0;0.25
SN28922:0;9.1468;60.0435;275;12.5;1;0;0.2;0.25
SN29400:0;7.4805;60.1833;1250;2.4;1;0;0.2;0.33939
SN29720:0;8.5263;60.4188;798;7;1;0;0.16;0.35894
SN29950:0;10.148;58.9688;15;14.8;1;0;0.82;0.49441
SN30255:0;9.66;59.091;100;14.3;1;0;0.68;0.92458
SN30650:0;9.2105;59.5667;20;14.1;1;0;0.23;0.29749
SN31620:0;8.1785;59.8397;977;5.8;1;0;0.81;0.39106
SN3190:0;11.1128;59.2852;57;15.6;1;0;0.5;0.43994
SN31970:0;8.6562;59.8497;1804;-2;1;0;5.04;1
SN32060:0;9.2128;59.3822;93;13.5;1;0;0.12;0.25
SN32890:0;8.1992;59.497;560;9.4;1;0;0.71;0.56145
SN33890:0;7.3653;59.7662;821;5.6;1;0;0.3;0.36872
SN34130:0;9.5745;58.8565;3;14.8;1;0;0.06;0.38966
SN35210:0;9.0263;58.87;32;13.8;1;0;1.25;0.51117
SN35860:0;9.1479;58.6361;4;14.2;1;0;1;0.25
SN36200:0;8.7893;58.3988;12;13.2;1;0;2.83;1
SN36560:0;8.63;58.6582;142;13.3;1;0;4.55;1
SN37230:0;8.5187;59.0257;252;11.7;1;0;0.22;0.25
SN38140:0;8.5225;58.34;6;13.7;1;0;0.48;0.48743
SN38730:0;8.4167;58.6007;162;12;1;0;3.52;0.90782
SN39040:0;8.0767;58.2;12;13.3;1;0;0.01;0.25
SN39100:0;8.0532;58.0732;9;11.5;1;0;-1;NA
SN39750:0;7.803;58.6863;207;11.1;1;0;0.06;0.40223
SN40250:0;7.5273;59.1972;308;10.7;1;0;0.22;0.37011
SN40510:0;6.8817;59.3335;1105;2.4;1;0;0.3;0.40503
SN40880:0;7.3897;59.5766;841;5.5;1;0;0.08;0.25279
SN41090:0;7.4517;58.0247;10;12.6;1;0;1.55;0.82682
SN41175:0;7.4388;58.2772;280;10.1;1;0;0.05;0.27793
SN41770:0;7.0478;57.9826;16;11.6;1;0;1.55;0.77933
SN4200:0;11.0383;59.9708;108;15.1;1;0;0.32;0.32821
SN42160:0;6.5675;58.109;14;11.6;1;0;0.01;0.25
SN42940:0;6.9097;58.923;560;7.5;1;0;0.31;0.47905
SN43010:0;6.5045;58.507;65;10.8;1;0;0.37;0.49022
SN43350:0;5.8718;58.4353;49;11.2;1;0;0.01;0.25
SN44080:0;5.5553;58.6592;24;11.2;1;0;0.29;0.28212
SN44300:0;5.6505;58.7605;87;11;1;0;0.01;0.25
SN44550:0;5.665;58.8743;33;NA;1;1;NA;NA
SN44560:0;5.637;58.8843;7;11.5;1;0;0.26;0.25
SN4460:0;10.829;60.1173;170;14.1;1;0;0.23;0.36173
SN44610:0;5.4122;59.0705;21;11.6;1;0;0;0.25
SN44640:0;5.7278;58.9563;72;10.9;1;0;0.11;0.25
SN45530:0;6.1212;59.0512;300;8.9;1;0;1.17;0.54469
SN45870:0;6.0365;59.16;30;11.8;1;0;2.38;1
SN46430:0;6.733;59.8315;1010;3;1;0;0.48;0.60615
SN46610:0;6.35;59.6478;5;10.3;1;0;0.36;0.25
SN46930:0;5.7208;59.4927;20;10.4;1;0;4.92;1
SN47260:0;5.2115;59.3445;24;11.9;1;0;2.05;1
SN47300:0;4.8723;59.3065;55;11.6;1;0;0.08;0.39944
SN47350:0;5.078;59.4382;25;11.6;1;0;0.12;0.38547
SN4780:0;11.0802;60.2065;202;14.2;1;0;0.74;0.71229
SN48120:0;5.3407;59.7933;49;10.8;1;0;0.01;0.25
SN48330:0;5.0683;59.9083;25;11.6;1;0;0.66;0.71788
SN49490:0;6.6538;60.3185;12;11.6;1;0;2.59;1
SN49800:0;7.2798;60.4085;735;4.8;1;0;0;0.25
SN50070:0;6.2805;60.3631;49;9.8;1;0;0;0.25
SN50175:0;5.2038;60.0167;32;11.3;1;0;0.15;0.39525
SN50310:0;5.964;60.3887;455;6.9;1;0;0.31;0.25
SN50500:0;5.2265;60.2892;48;10.7;1;0;0.19;0.28771
SN50540:0;5.3327;60.383;12;10.5;1;0;0.04;0.25
SN51010:0;5.7243;60.5205;10;10.7;1;0;0.73;0.46508
SN51440:0;6.1105;60.647;17;9.2;1;0;0.7;0.6676
SN51470:0;6.222;60.6455;328;7.8;1;0;0.12;0.25
SN51530:0;6.4262;60.625;54;10.3;1;0;0.11;0.31006
SN51800:0;6.9373;60.7022;695;5.2;1;0;0.01;0.25
SN52310:0;5.9733;60.8562;125;8.6;1;0;0.01;0.25
SN52535:0;4.72;60.78;19;11.2;1;0;1.82;1
SN52860:0;5.3813;61.0272;38;9.7;1;0;0.05;0.25
SN53101:0;6.6452;61.1724;49;10;1;0;0.05;0.3352
SN53480:0;7.2085;60.7192;960;3.4;1;0;0.86;0.59777
SN53530:0;7.2755;60.6563;1162;1.3;1;0;1.7;1
SN54110:0;7.5025;61.1033;2;10.9;1;0;1.74;1
SN54710:0;8.1125;61.178;956;4.2;1;0;0.01;0.25
SN55290:0;7.9957;61.5648;1413;-0.2;1;0;0.15;0.33799
SN55700:0;7.1413;61.158;497;6.3;1;0;0.6;0.25
SN55820:0;6.7642;61.4233;3;8.7;1;0;0.19;0.41341
SN5590:0;12.0067;60.1903;148;14.7;1;0;0.7;0.56704
SN56420:0;5.0443;61.2928;7;10.1;1;0;0.15;0.34078
SN57000:0;5.76;61.391;321;7.2;1;0;0.44;0.25
SN57710:0;5.0278;61.5832;9;9.8;1;0;1.56;1
SN57770:0;4.6817;61.5717;26;10.3;1;0;1.43;0.25
SN58100:0;6.1043;61.8293;60;10.8;1;0;4.56;1
SN58900:0;6.5585;61.9157;208;7.9;1;0;1.65;0.96089
SN59110:0;4.986;62.034;75;9.6;1;0;-1;NA
SN59610:0;5.5817;62.103;41;9.8;1;0;0.11;0.25
SN59680:0;6.0807;62.181;74;9.3;1;0;0.41;0.34916
SN59800:0;5.268;62.3293;38;9.8;1;0;0.02;0.25
SN6020:0;12.0125;60.6141;185;14.4;1;0;0.21;0.35196
SN60500:0;7.4218;62.2305;11;12.3;1;0;1.11;0.98324
SN60810:0;6.8717;62.5158;625;4.4;1;0;1.28;1
SN60945:0;6.2108;62.4703;15;10;1;0;0.2;0.28352
SN60990:0;6.115;62.5617;22;9.8;1;0;0.24;0.25
SN61060:0;6.7552;62.6512;43;9.7;1;0;0.11;0.25
SN61410:0;7.7703;62.4555;1294;1.4;1;0;4.87;0.88268
SN61420:0;7.8355;62.4458;67;12.2;1;0;4.5;1
SN61630:0;8.2;62.2583;579;9.6;1;0;0.44;0.47486
SN62270:0;7.2617;62.7443;3;9.9;1;0;0.03;0.25
SN62480:0;6.5378;62.8585;20;9.7;1;0;0.39;0.26955
SN63420:0;8.5588;62.675;10;12.4;1;0;0.05;0.25
SN63705:0;9.6667;62.6043;604;10.1;1;0;0.04;0.25
SN64330:0;7.8158;63.1093;62;9.4;1;0;0.21;0.25
SN64700:0;8.7753;62.722;405;9.8;1;0;0.26;0.25
SN64870:0;9.0878;63.0493;410;7.5;1;0;0.08;0.25
SN65310:0;7.9533;63.5185;5;9.9;1;0;0;0.25
SN65451:0;9.1125;63.5187;13;9.4;1;0;0.07;0.25
SN65940:0;8.4667;63.8467;5;9.9;1;0;-1;NA
SN66150:0;9.8495;63.3153;4;11.4;1;0;0.1;0.25
SN67280:0;10.1788;62.9535;299;9.5;1;0;0.12;0.25
SN67560:0;10.5608;62.9763;127;11.2;1;0;0.7;0.65084
SN68290:0;11.0075;63.2248;160;10.9;1;0;0;0.25
SN68860:0;10.4538;63.4107;127;10.6;1;0;0.12;0.2514
SN69100:0;10.9305;63.4597;12;11.9;1;0;0.28;0.49581
SN69150:0;10.8795;63.4882;40;11.5;1;0;0.21;0.28073
SN69380:0;11.7277;63.4115;169;11;1;0;0.3;0.44832
SN69655:0;10.694;63.5657;70;11;1;0;0;0.25
SN700:0;12.048;61.8872;672;10.2;1;0;0.25;0.25
SN70150:0;11.6752;63.782;81;10.3;1;0;1.67;1
SN70850:0;12.4692;64.1587;195;9.1;1;0;0.07;0.27514
SN71000:0;11.4508;64.0225;6;10.2;1;0;0.01;0.25
SN71550:0;9.6105;63.7045;10;9.6;1;0;1.74;1
SN71780:0;10.2237;63.9678;30;9.7;1;0;1.2;0.7067
SN71850:0;9.4052;64.1727;16;9.9;1;0;0.1;0.27374
SN71990:0;10.455;64.4013;18;10.4;1;0;2.59;1
SN72580:0;11.5705;64.4708;2;10.4;1;0;0.84;0.48883
SN73500:0;13.71805;64.4458;433;7.7;1;0;1.75;0.96648
SN73550:0;12.3837;64.531;95;9.5;1;0;0.05;0.25
SN7420:0;11.4992;61.3763;872;7.8;1;0;3.07;1
SN74350:0;12.846;64.7422;140;9;1;0;1.65;1
SN75220:0;11.1408;64.835;4;10.4;1;0;2.68;1
SN75410:0;10.5493;64.7977;33;10.1;1;0;-1;NA
SN75550:0;10.9965;65.2023;23;9.8;1;0;0.66;0.43855
SN76240:0;11.9927;65.22;302;7.8;1;0;1.65;0.98883
SN76330:0;12.2182;65.4567;9;10;1;0;0;0.25
SN76450:0;11.8562;65.7017;4;10.2;1;0;1.31;0.4567
SN76530:0;12.4255;65.8295;21;10.2;1;0;0.01;0.25
SN76750:0;12.4715;65.9607;17;10.2;1;0;0.04;0.25
SN76925:0;7.77915;64.352;55;NA;1;1;NA;NA
SN76928:0;7.3156;65.32285;68;NA;1;1;NA;NA
SN76930:0;8.085;66.0256;33;NA;1;1;NA;NA
SN77230:0;13.218;65.7842;72;10;1;0;1.7;0.68436
SN77280:0;13.2892;65.6215;50;9.9;1;0;0.58;0.35615
SN77425:0;13.3667;65.1662;319;8.1;1;0;1.21;0.4176
SN78360:0;13.5867;66.1317;126;8.9;1;0;4.21;1
SN78800:0;14.1942;65.8255;406;6.9;1;0;0.04;0.25
SN79220:0;13.904;66.2348;5;9.3;1;0;0.49;0.49721
SN7950:0;11.3747;61.1847;255;13.2;1;0;2.65;0.94134
SN79600:0;14.3015;66.3643;70;9.3;1;0;0.11;0.25
SN79700:0;14.53;66.3962;110;9.1;1;0;0.03;0.25
SN79764:0;14.954;66.4993;251;8.3;1;0;0.04;0.25
SN80102:0;12.6108;66.3708;10;10.5;1;0;0.94;0.90503
SN80610:0;12.486;66.7628;17;9.9;1;0;1.62;0.66201
SN80740:0;13.646;66.9035;9;10.5;1;0;2.71;1
SN8140:0;11.0803;61.4255;257;12;1;0;0;0.25
SN81650:0;15.3155;66.9368;39;8.8;1;0;0.19;0.36453
SN82000:0;15.4857;67.1658;7;8.7;1;0;0.39;0.59218
SN82290:0;14.3637;67.267;11;9.2;1;0;0.01;0.25
SN82410:0;13.8958;67.4048;24;9.4;1;0;0.09;0.25
SN83710:0;16.0838;68.0472;19;8.4;1;0;0;0.25
SN84210:0;17.7905;68.1905;740;4.7;1;0;0;0.25
SN84500:0;17.662;68.432;200;7.7;1;0;0.17;0.51676
SN84970:0;16.6833;68.4912;26;8.5;1;0;0;0.25
SN85040:0;15.943;68.368;8;8.5;1;0;0.7;0.42458
SN85380:0;14.6485;68.1535;11;9;1;0;0.1;0.25
SN85450:0;14.6693;68.2453;9;8.9;1;0;0.1;0.25
SN85560:0;13.615;68.155;26;9.6;1;0;1.55;0.73743
SN85840:0;12.7228;67.6527;4;9.2;1;0;1.55;0.86872
SN85890:0;12.1038;67.5267;4;10;1;0;0.17;0.31285
SN86500:0;15.4157;68.7033;3;9.7;1;0;3.1;1
SN86600:0;15.0293;68.58;3;9.1;1;0;0.03;0.25
SN86740:0;14.4333;68.6067;8;9;1;0;0.02;0.25
SN87110:0;16.1312;69.3073;10;9;1;0;0.04;0.25838
SN87120:0;16.003;69.2413;436;6.1;1;0;0.17;0.44972
SN87640:0;16.5373;68.8027;45;8.9;1;0;0.53;0.27095
SN88690:0;17.8303;69.6013;14;9.3;1;0;2.49;1
SN89010:0;18.1288;69.2897;982;3.9;1;0;2.03;1
SN89350:0;18.5437;69.0577;76;11.6;1;0;0.6;0.3757
SN89940:0;19.7017;68.7817;204;11.1;1;0;0.11;0.25
SN90400:0;18.9095;69.6538;20;11.7;1;0;0.12;0.44134
SN90450:0;18.9368;69.6536;100;11.8;1;0;2.49;1
SN90490:0;18.9133;69.6767;8;11.4;1;0;1.66;0.46369
SN90800:0;19.4997;70.2452;21;10.2;1;0;0.53;0.50279
SN91130:0;20.094;69.5588;710;8.8;1;0;0.02;0.26117
SN91380:0;20.2823;69.3875;20;12.4;1;0;0.25;0.25
SN91500:0;20.4253;69.5738;697;9.2;1;0;0.18;0.48324
SN9160:0;9.9947;62.1282;694;9.3;1;0;0;0.25
SN91740:0;20.9553;69.7887;6;12.2;1;0;0.05;0.25
SN92350:0;21.8925;69.8353;6;12.2;1;0;1.97;1
SN92750:0;22.1457;70.4865;6;13.4;1;0;0.76;0.2919
SN93000:0;22.4428;70.607;438;10.4;1;0;0.02;0.25
SN9310:0;9.5423;62.2207;1012;5.8;1;0;2.95;1
SN93140:0;23.3582;69.9775;3;14.7;1;0;0.33;0.43575
SN93301:0;23.5345;69.5797;381;13.7;1;0;0.95;0.65363
SN93700:0;23.0335;68.9968;307;14.2;1;0;2.28;1
SN93900:0;23.5387;68.7553;382;13;1;0;1.55;0.81844
SN94230:0;22.8177;70.4107;18;12.3;1;0;2.61;1
SN94280:0;23.6772;70.6807;81;13.7;1;0;2.05;1
SN94500:0;23.9817;71.0937;13;9;1;0;-1;NA
SN94680:0;25.9782;71.0105;14;10.5;1;0;-1;NA
SN95350:0;24.99;70.06;5;13.5;1;0;3.27;1
SN9580:0;10.732;62.2695;482;11.1;1;0;0;0.25
SN96310:0;27.8298;71.033;13;10.7;1;0;1.55;0.84916
SN96400:0;28.217;71.0888;8;8.4;1;0;1.55;0.75698
SN96560:0;28.2527;71.0645;22;NA;1;1;NA;NA
SN96850:0;28.159;70.2122;32;14.3;1;0;0.86;1
SN97251:0;25.5023;69.4635;131;15.8;1;0;1.78;1
SN97350:0;24.4312;69.3695;286;14;1;0;0.23;0.37849
SN97710:0;25.346;69.3003;591;12.3;1;0;0.67;0.57263
SN98090:0;29.0348;70.8708;13;9.3;1;0;-1;NA
SN98360:0;29.7;70.6028;152;9.4;1;0;0;0.25
SN98400:0;30.07;70.7057;9;9.7;1;0;0.79;1
SN98550:0;31.0962;70.3707;10;9.4;1;0;0.21;0.67877
SN98580:0;31.044;70.3545;12;9.6;1;0;0.01;0.26397
SN98790:0;29.8352;70.0653;39;12.6;1;0;2.31;1
SN99370:0;29.8977;69.7255;89;13.6;1;0;2.2;1
SN99460:0;30.041;69.4552;27;15.3;1;0;0.68;0.36034
SN99540:0;29.244;69.147;56;15.8;1;0;0.38;0.52793
SN100:0;12.5039;61.1349;333;NA;2;1;NA;NA
SN10300:0;11.7752;62.4698;650;NA;2;1;NA;NA
SN1080:0;11.0444;59.0367;17;NA;2;1;NA;NA
SN11710:0;10.6403;60.5952;406;NA;2;1;NA;NA
SN11900:0;10.5954;60.9518;190;NA;2;1;NA;NA
SN13060:0;10.1732;61.2732;575;NA;2;1;NA;NA
SN13140:0;10.1902;61.4567;187;NA;2;1;NA;NA
SN13310:0;10.3097;61.4628;770;NA;2;1;NA;NA
SN13450:0;9.9712;61.6585;666;NA;2;1;NA;NA
SN13700:0;9.5408;61.4177;752;NA;2;1;NA;NA
SN14050:0;9.5562;61.6757;330;NA;2;1;NA;NA
SN14550:0;9.0084;61.9225;823;NA;2;1;NA;NA
SN14711:0;9.0133;61.8135;811;NA;2;1;NA;NA
SN15480:0;8.4672;61.8777;374;NA;2;1;NA;NA
SN15660:0;8.1706;61.9013;432;NA;2;1;NA;NA
SN16271:0;9.4798;61.8883;940;6.5;2;7;1.29;0.60615
SN16790:0;8.919;62.1057;551;NA;2;1;NA;NA
SN17500:0;11.0133;59.4963;131;NA;2;1;NA;NA
SN18210:0;10.804;59.923;100;15.6;2;0;1.11;2
SN18815:0;10.6828;59.905;15;16.2;2;0;1.81;2
SN20250:0;10.2948;60.1088;66;NA;2;1;NA;NA
SN20520:0;10.5753;60.295;372;NA;2;1;NA;NA
SN22730:0;9.7238;60.6197;474;NA;2;1;NA;NA
SN22790:0;9.7492;60.6657;172;NA;2;1;NA;NA
SN22840:0;9.4905;60.8346;628;NA;2;1;NA;NA
SN23560:0;8.8557;61.2433;754;NA;2;1;NA;NA
SN23720:0;8.569;61.124;489;NA;2;1;NA;NA
SN24210:0;9.9267;60.238;140;NA;2;1;NA;NA
SN24600:0;9.5958;60.137;367;NA;2;1;NA;NA
SN24960:0;8.9478;60.7188;542;NA;2;1;NA;NA
SN250:0;12.3785;61.4188;664;NA;2;1;NA;NA
SN25100:0;8.5285;60.8703;648;NA;2;1;NA;NA
SN25115:0;8.4968;60.8397;1344;2.1;2;7;6.74;2
SN25320:0;8.5609;60.6391;720;NA;2;1;NA;NA
SN27301:0;10.2501;59.3562;30;NA;2;1;NA;NA
SN27770:0;10.2022;59.2752;90;NA;2;1;NA;NA
SN27800:0;9.9641;59.196;31;NA;2;1;NA;NA
SN29600:0;8.7511;60.4629;870;NA;2;1;NA;NA
SN30380:0;9.5337;59.4558;475;NA;2;1;NA;NA
SN31080:0;8.7033;60.1293;762;NA;2;1;NA;NA
SN31400:0;8.6978;59.8655;1008;5.8;2;7;5.83;2
SN31570:0;8.1363;59.815;946;NA;2;1;NA;NA
SN31900:0;8.8083;59.7463;464;NA;2;1;NA;NA
SN32350:0;8.3768;59.6478;567;NA;2;1;NA;NA
SN32780:0;9.2668;59.1444;113;NA;2;1;NA;NA
SN32850:0;8.473;59.4058;77;NA;2;1;NA;NA
SN33250:0;8.0317;59.7057;715;NA;2;1;NA;NA
SN33300:0;7.8173;59.7675;1340;1;2;7;5.2;2
SN34580:0;9.0687;59.0767;65;NA;2;1;NA;NA
SN34900:0;8.7686;59.2647;464;NA;2;1;NA;NA
SN35090:0;9.098;58.8037;42;NA;2;1;NA;NA
SN35200:0;8.9486;58.8856;240;NA;2;1;NA;NA
SN37500:0;8.1517;59.3242;532;NA;2;1;NA;NA
SN3780:0;11.0468;59.636;144;NA;2;1;NA;NA
SN38380:0;8.0392;58.5234;259;NA;2;1;NA;NA
SN38421:0;8.2893;58.4213;67;NA;2;1;NA;NA
SN38600:0;8.2888;58.633;245;NA;2;1;NA;NA
SN38800:0;8.2295;58.7938;220;NA;2;1;NA;NA
SN39220:0;7.89;58.2153;151;NA;2;1;NA;NA
SN4040:0;11.1532;59.7512;164;NA;2;1;NA;NA
SN41200:0;7.5927;58.3195;275;NA;2;1;NA;NA
SN41480:0;7.4128;58.6172;268;10.4;2;7;2.21;2
SN41550:0;7.3501;58.7878;504;NA;2;1;NA;NA
SN41860:0;6.9827;58.2435;317;NA;2;1;NA;NA
SN420:0;11.9965;61.6847;481;NA;2;1;NA;NA
SN42520:0;6.9443;58.6577;348;NA;2;1;NA;NA
SN42650:0;6.6498;58.28415;5;NA;2;1;NA;NA
SN42720:0;6.657;58.4117;75;NA;2;1;NA;NA
SN44160:0;5.6418;58.6947;19;NA;2;1;NA;NA
SN44480:0;5.9817;58.6855;263;NA;2;1;NA;NA
SN44800:0;5.9202;58.8185;230;NA;2;1;NA;NA
SN46150:0;6.276;59.4791;25;NA;2;1;NA;NA
SN46220:0;6.4697;59.4128;639;6;2;7;0.2;0.51955
SN46300:0;6.809;59.5887;333;NA;2;1;NA;NA
SN46432:0;6.7108;59.8357;1370;-0.3;2;7;4.29;2
SN46450:0;6.8238;59.8304;393;NA;2;1;NA;NA
SN46850:0;5.9902;59.5532;159;NA;2;1;NA;NA
SN47090:0;5.6257;59.5033;5;NA;2;1;NA;NA
SN4740:0;11.051;60.1742;187;NA;2;1;NA;NA
SN47450:0;5.4335;59.6532;36;NA;2;1;NA;NA
SN47498:0;5.9538;59.6625;8;10.2;2;7;0.3;0.5
SN47820:0;6.2786;59.8594;178;NA;2;1;NA;NA
SN48500:0;6.0263;59.9913;75;NA;2;1;NA;NA
SN49080:0;6.3857;60.2795;342;NA;2;1;NA;NA
SN49085:0;6.4347;60.2263;1212;0.9;2;0;2.57;2
SN49087:0;6.4298;60.2178;1390;-0.1;2;0;0.9;2
SN49420:0;6.6293;60.128;470;7.3;2;7;1.16;0.81844
SN49631:0;7.0685;60.4647;20;NA;2;1;NA;NA
SN50080:0;6.1927;60.379;108;NA;2;1;NA;NA
SN50150:0;5.9057;60.0422;45;NA;2;1;NA;NA
SN51250:0;5.9647;60.6887;316;NA;2;1;NA;NA
SN51990:0;6.4733;60.8655;700;4.8;2;7;0.29;0.5
SN52170:0;6.1469;60.8028;450;NA;2;1;NA;NA
SN52220:0;6.2645;60.8289;579;NA;2;1;NA;NA
SN52400:0;5.3742;60.6268;72;NA;2;1;NA;NA
SN52475:0;4.8933;60.5313;30;NA;2;1;NA;NA
SN52750:0;5.2108;60.8462;13;NA;2;1;NA;NA
SN52930:0;5.425;60.9585;240;NA;2;1;NA;NA
SN52990:0;6.134;61.1095;4;NA;2;1;NA;NA
SN53070:0;6.5813;61.0728;65;NA;2;1;NA;NA
SN53130:0;6.9345;61.0688;32;NA;2;1;NA;NA
SN53160:0;6.7243;60.9004;614;NA;2;1;NA;NA
SN5350:0;11.558;60.3883;147;14.5;2;7;0.57;0.92179
SN53700:0;7.2008;60.9027;15;NA;2;1;NA;NA
SN54600:0;8.036;61.1093;806;NA;2;1;NA;NA
SN55300:0;7.606;61.4962;17;NA;2;1;NA;NA
SN55420:0;7.2765;61.6517;243;8.1;2;7;3.37;0.93575
SN55425:0;7.389;61.5963;1585;-1.7;2;7;2.94;2
SN55550:0;7.1887;61.2925;246;NA;2;1;NA;NA
SN55670:0;7.034;61.4783;172;NA;2;1;NA;NA
SN55730:0;6.9335;61.3348;421;NA;2;1;NA;NA
SN56320:0;5.5413;61.1122;31;NA;2;1;NA;NA
SN56400:0;4.6693;61.007;3;NA;2;1;NA;NA
SN56520:0;5.4342;61.232;85;NA;2;1;NA;NA
SN56780:0;5.7267;61.3435;47;NA;2;1;NA;NA
SN56850:0;6.1983;61.3262;243;NA;2;1;NA;NA
SN56960:0;6.3758;61.4202;311;6.8;2;7;0.16;0.78771
SN57340:0;6.096;61.4573;980;1.7;2;7;2.19;2
SN57390:0;6.4873;61.5722;205;NA;2;1;NA;NA
SN57480:0;6.0586;61.5349;237;NA;2;1;NA;NA
SN57660:0;5.8163;61.6415;170;NA;2;1;NA;NA
SN57790:0;5.2007;61.6788;715;3.9;2;7;0.61;1.10056
SN57850:0;5.5333;61.8986;78;NA;2;1;NA;NA
SN57940:0;5.6674;61.83195;24;NA;2;1;NA;NA
SN57990:0;5.9468;61.6594;230;NA;2;1;NA;NA
SN58070:0;6.1837;61.788;51;NA;2;1;NA;NA
SN58320:0;6.6092;61.708;315;NA;2;1;NA;NA
SN58390:0;6.6;61.838;70;NA;2;1;NA;NA
SN58480:0;6.8052;61.69;40;NA;2;1;NA;NA
SN58780:0;6.0368;61.9178;34;NA;2;1;NA;NA
SN58860:0;6.1065;61.8902;1020;2.2;2;5;11.62;NA
SN58960:0;6.6497;62.0033;349;NA;2;1;NA;NA
SN59250:0;5.088;61.9985;3;NA;2;1;NA;NA
SN59450:0;5.2115;62.1467;75;9.5;2;7;0.01;0.5
SN59695:0;6.2877;62.16;690;4.4;2;7;4.27;2
SN59900:0;6.4657;62.2027;21;NA;2;1;NA;NA
SN60:0;12.499;61.5581;564;NA;2;1;NA;NA
SN60190:0;6.849;62.3065;1050;1.7;2;7;0.78;1.97207
SN60400:0;7.2418;62.2418;28;NA;2;1;NA;NA
SN60620:0;7.5077;62.3242;312;NA;2;1;NA;NA
SN60800:0;6.8167;62.4775;5;10.2;2;7;2.4;0.69274
SN610:0;11.8408;61.84335;690;NA;2;1;NA;NA
SN61040:0;6.3187;62.6017;13;NA;2;1;NA;NA
SN62295:0;7.2088;62.756;258;7.4;2;7;2.31;2
SN62900:0;7.3905;62.8915;49;NA;2;1;NA;NA
SN62980:0;7.925;62.93;990;2.2;2;7;3.93;2
SN63100:0;8.4219;62.6855;47;NA;2;1;NA;NA
SN63530:0;8.9773;62.5095;698;NA;2;1;NA;NA
SN63580:0;9.1967;62.6708;596;NA;2;1;NA;NA
SN63630:0;9.392;62.6352;1550;0.2;2;7;4.06;2
SN63750:0;9.646;62.5738;512;NA;2;1;NA;NA
SN6440:0;12.369;60.6925;276;NA;2;1;NA;NA
SN65230:0;9.0115;63.2613;45;NA;2;1;NA;NA
SN65370:0;8.063;63.4197;30;NA;2;1;NA;NA
SN66620:0;9.8354;62.864;223;NA;2;1;NA;NA
SN66850:0;10.271;62.5962;549;NA;2;1;NA;NA
SN67150:0;10.2733;63.3281;13;NA;2;1;NA;NA
SN67780:0;11.2058;62.8523;397;NA;2;1;NA;NA
SN68270:0;10.4369;63.2315;173;NA;2;1;NA;NA
SN68420:0;11.5669;63.0556;302;NA;2;1;NA;NA
SN68840:0;11.8626;62.89515;730;NA;2;1;NA;NA
SN69420:0;11.9045;63.2855;521;NA;2;1;NA;NA
SN69960:0;11.5436;63.7199;182;NA;2;1;NA;NA
SN70510:0;12.3815;63.7853;377;NA;2;1;NA;NA
SN70820:0;11.729;64.1163;50;NA;2;1;NA;NA
SN70930:0;12.4393;64.249;107;NA;2;1;NA;NA
SN71200:0;10.998;63.8128;39;NA;2;1;NA;NA
SN71280:0;10.6075;63.6856;138;NA;2;1;NA;NA
SN71810:0;10.523;64.1003;280;NA;2;1;NA;NA
SN71900:0;10.3257;64.2448;12;NA;2;1;NA;NA
SN72650:0;11.8397;64.4815;26;NA;2;1;NA;NA
SN730:0;12.1722;62.0758;794;NA;2;1;NA;NA
SN73250:0;13.765;64.2432;370;NA;2;1;NA;NA
SN73800:0;13.6506;64.6837;376;NA;2;1;NA;NA
SN74320:0;12.81555;64.7289;143;NA;2;1;NA;NA
SN75020:0;11.28055;64.5228;36;NA;2;1;NA;NA
SN75100:0;11.9547;64.8382;44;NA;2;1;NA;NA
SN76100:0;12.3745;65.1245;24;NA;2;1;NA;NA
SN76250:0;12.1643;65.2965;19;NA;2;1;NA;NA
SN76470:0;12.3754;65.6413;8;NA;2;1;NA;NA
SN7660:0;11.2042;61.696;260;NA;2;1;NA;NA
SN770:0;11.4525;62.204;713;NA;2;1;NA;NA
SN77270:0;13.2662;65.6689;70;NA;2;1;NA;NA
SN77490:0;13.4483;65.3143;940;2.9;2;7;4.69;2
SN77850:0;14.2457;65.3675;498;NA;2;1;NA;NA
SN78250:0;12.9097;66.0668;53;NA;2;1;NA;NA
SN78350:0;13.3917;66.2178;39;NA;2;1;NA;NA
SN78370:0;13.8067;66.1415;20;NA;2;1;NA;NA
SN7920:0;11.0355;62.1083;525;NA;2;1;NA;NA
SN79480:0;14.1541;66.307;41;NA;2;1;NA;NA
SN79762:0;14.9455;66.5077;200;NA;2;1;NA;NA
SN80200:0;13.1848;66.3892;115;9.5;2;7;0.09;0.5
SN80340:0;12.0917;66.4997;15;NA;2;1;NA;NA
SN80700:0;13.9793;66.8102;39;9.9;2;7;5.55;2
SN80705:0;13.948;66.8275;520;6.3;2;7;0;0.5
SN80707:0;13.9067;66.8303;930;3.3;2;7;3.14;0.82123
SN80880:0;14.1663;67.093;600;5.3;2;7;0.17;0.6648
SN810:0;11.732;62.2776;687;NA;2;1;NA;NA
SN82530:0;14.8402;67.5385;15;NA;2;1;NA;NA
SN82840:0;15.4953;67.5258;27;NA;2;1;NA;NA
SN83300:0;15.1123;67.923;31;NA;2;1;NA;NA
SN83520:0;15.8673;67.8977;70;NA;2;1;NA;NA
SN84190:0;17.5145;68.2075;29;NA;2;1;NA;NA
SN8450:0;10.5008;61.791;535;NA;2;1;NA;NA
SN84630:0;17.4802;68.421;1000;2.7;2;7;0.1;0.88827
SN85080:0;15.8768;68.5172;6;8.8;2;7;2.56;2
SN86950:0;15.2107;68.9147;18;NA;2;1;NA;NA
SN87000:0;15.3112;68.7183;500;5.6;2;7;5.67;2
SN8720:0;10.1398;61.8902;749;NA;2;1;NA;NA
SN87772:0;16.3608;68.5863;1095;2.9;2;7;3.78;2
SN88100:0;18.2442;68.6457;230;NA;2;1;NA;NA
SN88200:0;17.9008;69.2342;9;NA;2;1;NA;NA
SN88460:0;16.9693;69.3012;3;NA;2;1;NA;NA
SN88660:0;17.9175;69.5212;6;NA;2;1;NA;NA
SN89980:0;19.6278;69.0935;230;11;2;7;1.27;1.78771
SN89985:0;19.5442;69.1025;1020;4.8;2;7;1.25;0.89385
SN90100:0;18.6773;69.414;124;11.5;2;7;2.49;1.9162
SN90110:0;18.6208;69.4229;740;7.2;2;7;0.59;1.15642
SN90650:0;19.573;70.0083;7;NA;2;1;NA;NA
SN90720:0;18.6938;69.9903;26;10.4;2;7;0.07;0.83799
SN90721:0;18.7053;69.9997;174;9.1;2;7;0.86;2
SN90760:0;20.11451;70.10426;57;9.5;2;7;3.32;2
SN91080:0;19.713;69.5;25;NA;2;1;NA;NA
SN91120:0;20.1518;69.5598;670;9.1;2;7;0;0.5
SN91150:0;20.0895;69.5885;60;NA;2;1;NA;NA
SN91180:0;20.1387;69.8915;45;10.4;2;7;0.95;2
SN91430:0;20.5795;69.2235;502;10.3;2;7;4.47;2
SN91725:0;20.9625;70.0332;48;NA;2;1;NA;NA
SN91729:0;20.431;70.075;850;10.6;2;5;8.24;NA
SN92650:0;22.0705;70.2368;27;14.2;2;7;0.02;0.50838
SN92860:0;22.3413;70.1728;560;11.1;2;7;1.16;2
SN92910:0;22.3243;70.0518;8;NA;2;1;NA;NA
SN9380:0;9.352;62.2958;1475;1.8;2;7;0;0.5
SN94170:0;24.4662;70.4415;90;NA;2;1;NA;NA
SN94870:0;25.0767;70.4718;50;NA;2;1;NA;NA
SN95590:0;25.5642;70.3128;23;NA;2;1;NA;NA
SN95900:0;26.5845;70.6605;6;NA;2;1;NA;NA
SN96220:0;26.9938;70.5815;18;NA;2;1;NA;NA
SN96600:0;28.0995;70.8;15;NA;2;1;NA;NA
SN96931:0;28.0012;70.0733;18;NA;2;1;NA;NA
SN96970:0;27.4018;70.0185;51;NA;2;1;NA;NA
SN9870:0;10.428;62.4342;700;NA;2;1;NA;NA
SN99340:0;29.1483;69.682;85;NA;2;1;NA;NA
100683:fmi;25.54916;60.30373;2;15.6;3;0;0.92;1
100907:fmi;19.90362;60.12467;2;14.9;3;0;0;0.25
100908:fmi;21.37479;59.77909;6;13.9;3;0;1.43;0.70112
100909:fmi;19.95374;59.95911;8;13.5;3;0;0.15;0.28911
100917:fmi;19.98686;60.17824;11;15.4;3;0;1.15;0.93575
100921:fmi;20.34748;59.50454;4;13.2;3;0;1.38;0.68994
100924:fmi;21.69828;60.11163;3;14.5;3;0;0.25;0.42318
100928:fmi;20.74698;60.25823;23;15.2;3;0;0.07;0.25
100932:fmi;22.94868;59.77363;7;14.2;3;0;0.12;0.35056
100934:fmi;22.55183;60.3869;6;16;3;0;0.17;0.30168
100945:fmi;22.19343;59.86949;10;14.3;3;0;1.43;0.69832
100946:fmi;22.91248;59.80861;10;13.9;3;0;0.27;0.25
100947:fmi;22.0964;60.37788;3;15.3;3;0;1.61;0.36592
100949:fmi;22.1787;60.45439;8;16.5;3;0;2.45;1
100951:fmi;22.75768;60.17123;12;15.7;3;0;0.09;0.25
100953:fmi;23.24845;59.844;3;14.8;3;0;2.05;1
100955:fmi;23.11292;60.37392;2;16.2;3;0;0.05;0.30447
100965:fmi;23.57309;59.82076;17;12.4;3;0;3.03;1
100967:fmi;23.64976;60.46415;117;15.5;3;0;3.33;1
100968:fmi;24.95675;60.3267;51;16.7;3;0;0.31;0.60056
100969:fmi;24.01408;59.93114;12;13.7;3;0;0.04;0.28492
100971:fmi;24.94459;60.17523;3;15.7;3;0;0.75;0.38827
100974:fmi;24.04951;60.24446;36;15.9;3;0;0.15;0.25
100976:fmi;24.39862;60.41875;42;16.1;3;0;0.51;0.46648
100996:fmi;24.97539;60.10512;6;11.1;3;0;10.8;1
100997:fmi;24.35023;59.91982;2;12.8;3;0;0.31;0.57542
101004:fmi;24.96131;60.20307;24;16.2;3;0;0.66;0.67039
101009:fmi;25.04549;60.25299;15;16.7;3;0;0.31;0.6648
101022:fmi;25.59855;59.98518;0;12.7;3;0;0.01;0.25
101023:fmi;25.62546;60.20382;19;12.9;3;0;2.18;0.98045
101028:fmi;25.6073;60.39172;22;16.1;3;0;0.33;0.92737
101030:fmi;26.95893;60.37538;11;12.1;3;0;0.02;0.25
101039:fmi;26.44759;60.27476;1;12.2;3;0;0.69;0.61732
101042:fmi;27.18532;60.28673;4;12.1;3;0;0.02;0.25
101059:fmi;21.02681;60.7222;5;14.1;3;0;1.28;0.97486
101061:fmi;21.30273;61.14475;4;13.5;3;0;0.57;0.43017
101064:fmi;21.7832;61.47893;9;14.6;3;0;1.89;0.95531
101068:fmi;22.22752;61.26002;38;NA;3;1;NA;NA
101103:fmi;22.34613;61.25294;38;14.8;3;0;0.05;0.35475
101104:fmi;23.49761;60.81401;104;14.9;3;0;0.63;0.38268
101118:fmi;23.61811;61.41838;112;14.4;3;0;0.01;0.25
101124:fmi;23.74678;61.46561;84;14.7;3;0;1.06;0.29609
101128:fmi;23.80559;60.64668;142;14;3;0;5.03;1
101130:fmi;24.803;60.59589;86;15.5;3;0;0.11;0.28631
101149:fmi;24.65373;60.50878;111;15;3;0;0.12;0.25
101150:fmi;24.49163;60.9992;87;15.2;3;0;0.05;0.30028
101151:fmi;24.32449;61.11454;87;15.4;3;0;0.61;0.68715
101152:fmi;25.6309;60.96211;78;14.1;3;0;1.55;0.80168
101154:fmi;25.03844;61.05408;125;14.5;3;0;1.09;0.25
101185:fmi;25.52021;61.26521;79;14.9;3;0;1.46;0.25
101189:fmi;25.13283;61.2166;134;13.5;3;0;4.27;1
101191:fmi;26.94882;60.89839;102;15.6;3;0;0.03;0.25
101194:fmi;26.81116;60.69648;33;15.9;3;0;0;0.25
101196:fmi;26.0495;61.20005;92;15.7;3;0;1.55;0.80447
101219:fmi;26.92915;60.89077;99;15.7;3;0;0.15;0.4148
101231:fmi;27.67274;60.5272;5;14.9;3;0;3.46;1
101237:fmi;28.15092;61.04416;105;15.6;3;0;1.35;0.64525
101246:fmi;28.56395;61.03879;46;15.4;3;0;1.55;0.81285
101247:fmi;28.20873;61.05754;103;16;3;0;2.13;1
101252:fmi;28.47308;61.1982;77;15.9;3;0;1.55;0.7933
101254:fmi;29.46108;61.44467;74;15.6;3;0;0.03;0.25
101256:fmi;21.19081;62.33382;5;13.7;3;0;1.55;0.85196
101267:fmi;21.37592;61.6304;3;13;3;0;2.59;1
101268:fmi;21.16983;62.20324;0;12.2;3;0;1.55;0.75419
101272:fmi;22.79972;62.18325;161;13.5;3;0;0.6;0.45391
101289:fmi;22.18372;62.41345;93;13.8;3;0;0.26;0.4595
101291:fmi;22.46368;61.83864;123;14.4;3;0;2.48;1
101310:fmi;23.54228;62.32783;138;13.7;3;0;0.15;0.25
101311:fmi;23.75388;61.51757;96;14.4;3;0;3.1;0.87989
101315:fmi;24.80458;61.85539;143;14.7;3;0;0.69;0.46229
101317:fmi;24.28696;61.84591;153;14.3;3;0;0.49;0.38408
101338:fmi;24.81483;61.85959;144;15;3;0;1.72;1
101339:fmi;25.67087;62.39758;139;14.8;3;0;0.83;0.39246
101362:fmi;25.50529;61.70448;80;15.4;3;0;0.05;0.29469
101367:fmi;26.09478;61.87942;146;14.3;3;0;-1;NA
101398:fmi;27.20219;61.6886;99;15.2;3;0;0.31;0.33659
101418:fmi;27.88528;61.8923;110;15.1;3;0;0.4;0.42598
101421:fmi;27.90785;62.32221;83;15.5;3;0;0.95;0.25
101430:fmi;28.93131;61.9464;93;15.2;3;0;0.51;0.47207
101436:fmi;28.56618;62.06302;79;15.1;3;0;1.07;0.88547
101441:fmi;29.31512;61.80183;78;15.5;3;0;0.22;0.25
101459:fmi;30.34662;62.23539;90;14.4;3;0;0.07;0.25
101464:fmi;21.06856;63.43508;4;13.1;3;0;0.06;0.25
101479:fmi;21.18525;62.93433;1;13.1;3;0;2.35;0.45251
101481:fmi;20.74006;62.97839;2;12.5;3;0;3.61;1
101485:fmi;21.63952;63.09875;7;14.6;3;0;0.27;0.42877
101486:fmi;22.48878;62.93808;26;14.3;3;0;0.22;0.25
101503:fmi;23.04366;63.12045;42;13.9;3;0;1.02;0.88827
101520:fmi;24.21735;62.53496;159;13.7;3;0;0.15;0.25
101528:fmi;24.44422;63.44564;153;12.6;3;0;0.79;0.47765
101533:fmi;24.26084;63.08898;171;12.8;3;0;0.79;0.47626
101536:fmi;24.80764;62.51044;227;13;3;0;3.61;1
101537:fmi;25.85862;63.08225;130;14.3;3;0;-1;NA
101555:fmi;26.4247;62.92178;120;13.7;3;0;0.69;0.61173
101570:fmi;27.79935;63.00825;96;14.6;3;0;0.21;0.26536
101572:fmi;27.31317;63.14343;90;14.1;3;0;0.62;0.31145
101580:fmi;27.90495;62.79892;86;14.5;3;0;0.21;0.26676
101586:fmi;27.63331;62.89256;87;14.5;3;0;2.17;1
101603:fmi;28.66166;63.37806;166;12.5;3;0;3.44;1
101608:fmi;29.61158;62.65986;118;14.7;3;0;1.37;0.58939
101609:fmi;29.23397;63.23236;115;13.2;3;0;0.82;0.31704
101628:fmi;29.66818;62.54601;78;15;3;0;2.11;0.91061
101632:fmi;29.7238;62.60155;81;14.3;3;0;3.75;1
101636:fmi;30.04578;63.32108;98;14.1;3;0;-1;NA
101649:fmi;31.04438;63.14167;233;12.2;3;0;-1;NA
101651:fmi;30.97533;62.76966;155;14.5;3;0;-1;NA
101660:fmi;22.52282;63.75144;2;11.6;3;0;1.06;0.34777
101661:fmi;22.84537;63.95114;5;12.2;3;0;0.03;0.25
101662:fmi;23.13922;63.72068;25;14.1;3;0;2.19;1
101673:fmi;23.44627;64.33073;3;9.6;3;0;1.54;1
101689:fmi;24.16325;63.82136;83;13.2;3;0;1.55;0.79888
101690:fmi;24.72468;64.05029;76;13.8;3;0;1.55;0.80726
101695:fmi;25.42335;64.14263;112;13.4;3;0;0.01;0.25
101705:fmi;25.70573;63.73589;152;13.1;3;0;0.01;0.25
101725:fmi;27.67114;64.2829;132;12.9;3;0;1.55;0.76816
101726:fmi;27.22061;63.8409;206;12.4;3;0;0.32;0.32542
101743:fmi;28.82927;63.6673;115;13.4;3;0;2.73;1
101756:fmi;28.33639;64.11197;161;12.8;3;0;0.36;0.25
101773:fmi;30.17061;64.2976;196;12.3;3;0;-1;NA
101775:fmi;23.89674;64.61178;0;9.7;3;0;2.8;1
101776:fmi;24.72758;65.01967;7;12.5;3;0;0.11;0.47067
101783:fmi;24.0961;65.38536;25;9.8;3;0;1.34;0.99441
101784:fmi;24.56118;65.03975;7;12;3;0;0.01;0.25
101785:fmi;24.40695;64.66589;2;12;3;0;0.62;0.42039
101787:fmi;25.08919;64.68421;48;13;3;0;0.26;0.63966
101794:fmi;25.39328;65.00639;3;13.2;3;0;2.72;0.93017
101799:fmi;25.37299;64.937;10;13.7;3;0;2.87;1
101800:fmi;26.42386;64.50144;114;12.6;3;0;0.07;0.25
101805:fmi;26.96311;65.40014;120;12.6;3;0;1.55;0.8324
101826:fmi;28.74672;64.93125;222;11.8;3;0;-1;NA
101831:fmi;28.05673;64.66404;341;10.8;3;0;1.55;0.83799
101840:fmi;24.57942;65.77961;10;12.9;3;0;0.06;0.25
101846:fmi;24.5152;65.67319;2;11.7;3;0;0.19;0.29888
101851:fmi;24.17369;65.84733;8;13.7;3;0;3.45;1
101873:fmi;26.36754;65.97684;161;11.6;3;0;1.55;0.77374
101885:fmi;28.21766;65.57489;197;11.4;3;0;-1;NA
101886:fmi;29.22716;65.99334;264;10.7;3;0;-1;NA
101887:fmi;29.31193;66.36999;165;11.9;3;0;0.57;0.26257
101897:fmi;29.15172;66.16616;500;9.5;3;0;3.44;1
101899:fmi;29.39967;66.32027;298;10.8;3;0;0.85;0.60335
101908:fmi;24.6496;66.52952;93;12.9;3;0;0.15;0.32682
101914:fmi;23.96303;66.77278;85;12.7;3;0;2.34;0.97207
101920:fmi;25.83814;66.56236;189;11.3;3;0;2.72;1
101928:fmi;25.7088;66.49832;85;12.7;3;0;2.14;0.5
101932:fmi;26.62901;67.36663;179;11.3;3;0;0.81;0.67318
101933:fmi;26.01098;66.57941;106;11.7;3;0;0.87;0.44274
101950:fmi;27.15912;66.71556;208;11.6;3;0;2.74;1
101952:fmi;28.17691;67.28611;180;11.9;3;0;0.01;0.25
101958:fmi;27.2184;67.02204;491;9.2;3;0;1.71;0.58101
101959:fmi;28.67427;66.83403;214;11.6;3;0;0.01;0.25
101966:fmi;29.17766;67.16226;213;11.4;3;0;1.24;0.92179
101982:fmi;24.03335;68.06284;760;6.4;3;0;0.33;0.40363
101983:fmi;24.11559;67.97328;555;7.5;3;0;4.59;1
101985:fmi;24.24001;67.99997;340;9.6;3;0;0.48;0.59497
101986:fmi;24.85455;67.69298;193;10.9;3;0;0.01;0.27654
101987:fmi;24.24301;67.98721;347;9.6;3;0;0.03;0.3338
101990:fmi;24.90162;67.6521;181;10.9;3;0;0.24;0.69274
101994:fmi;25.78316;68.16961;276;11.4;3;0;2.31;1
102000:fmi;27.74635;67.82151;240;11.6;3;0;0.64;0.25
102001:fmi;27.18501;68.08422;248;12.5;3;0;2.14;1
102005:fmi;27.41326;68.41506;302;12.6;3;0;0;0.25698
102006:fmi;27.4441;68.43394;437;11.7;3;0;0.26;0.90223
102009:fmi;28.30123;68.478;253;14.1;3;0;3.92;1
102012:fmi;29.61132;67.74858;360;11.8;3;0;2.42;1
102016:fmi;20.79115;69.04948;480;7.1;3;0;0.33;0.89665
102017:fmi;20.85133;69.04274;1002;3.8;3;0;0;0.25
102019:fmi;23.57595;68.60301;374;10.5;3;0;1.55;0.78771
102026:fmi;25.73646;68.90296;285;13.1;3;0;-1;NA
102033:fmi;27.41897;68.61335;140;13.8;3;0;0.01;0.25
102035:fmi;27.00678;69.75637;107;15;3;0;0.49;0.64804
102036:fmi;27.8965;70.08203;22;13.8;3;0;0;0.25
102042:fmi;27.4925;69.07219;123;15.7;3;0;3.06;1
102047:fmi;27.26567;69.14089;156;14.4;3;0;0.36;0.37709
102052:fmi;28.2991;68.84919;121;14.4;3;0;0.04;0.25
102055:fmi;28.89409;69.5825;106;12.5;3;0;0.13;0.27235
103794:fmi;25.19309;60.62785;83;15.3;3;0;0;0.25
106435:fmi;23.68449;67.95829;236;10.1;3;0;0.01;0.25
126736:fmi;27.75194;64.21678;160;12.9;3;0;0.32;0.32402
126737:fmi;27.012;69.757;76;15;3;0;1.02;1
129963:fmi;27.75679;69.04851;120;12.2;3;0;3.33;1
150168:fmi;28.18491;61.52242;98;16.1;3;0;4.14;1
151028:fmi;25.1959;60.20867;2;14.4;3;0;0.29;0.4162
151029:fmi;19.9291;60.09136;2;14.6;3;0;2.04;1
151048:fmi;20.29765;60.11584;10;15.8;3;0;1.37;1
151049:fmi;23.76478;61.50124;91;15.6;3;0;3.86;1
778135:fmi;24.20955;67.99746;270;10.2;3;0;2.48;1
806428:fmi;29.1364;66.1715;305;11.2;3;0;4.16;1
852678:fmi;24.56788;60.29128;90;15.4;3;0;1.47;0.48045
874863:fmi;24.78732;60.17802;6;16.5;3;0;1.58;0.97765
97280;17.5244;59.3582;6;15.9;4;0;0.05;0.25
167710;17.8434;66.0526;431;8.2;4;0;-1;NA
159880;19.2682;65.5953;382;9.2;4;0;0.97;0.53911
92410;12.6381;59.6747;66;15.6;4;0;5.03;1
84340;14.5722;58.5719;91;14;4;0;0.08;0.27933
62180;12.8441;56.2979;18;16.2;4;0;1.55;0.73184
98040;18.1184;59.0688;4;15.9;4;0;1.55;0.86313
151280;21.5791;64.4812;40;10.7;4;0;2.5;1
92130;12.078;59.2217;170;13.9;4;0;0.56;0.2933
132110;12.1761;63.1864;1090;3.9;4;0;5.62;1
105260;15.5079;60.4294;152;15.4;4;0;1;0.55307
127130;17.7426;62.2207;17;14.2;4;0;2.51;1
157870;17.86;65.5592;393;8.6;4;0;0.14;0.25
123460;13.8456;62.7557;467;10;4;0;2.63;1
94390;14.1831;59.6616;133;14.5;4;0;0.32;0.30587
116490;16.5418;61.8271;70;13.9;4;0;1.55;0.81564
123060;13.6115;62.0943;566;11;4;0;0.68;0.53073
115220;15.7175;61.3613;184;15.3;4;0;1.55;0.7905
107440;17.5612;60.7304;5;15.9;4;0;3.55;1
97370;17.1121;59.6557;26;15.8;4;0;0.24;0.31983
96190;16.4549;59.3832;15;15.7;4;0;1.17;0.63128
52240;12.819;55.3838;5;17.3;4;0;-1;NA
107140;17.9078;60.2363;33;16.5;4;0;0.47;0.26816
96040;16.3975;59.0561;19;15.7;4;0;1.62;1
148040;18.3656;64.0753;327;10.4;4;0;1.55;0.75978
134110;14.4863;63.1974;376;10.4;4;0;1.39;0.94972
78550;18.9568;57.9167;13;17;4;0;0.15;0.25
134410;14.6079;63.677;362;10.1;4;0;0.26;0.37151
155790;15.0686;65.328;577;7;4;0;1.55;0.81006
76420;16.4585;57.7071;35;16;4;0;1.55;0.84358
89230;19.1975;58.3943;16;16.3;4;0;1.55;0.74302
145130;15.5561;64.2182;310;9.8;4;0;1.22;0.40782
147560;17.7034;65.0106;251;9.6;4;0;0;0.25
103100;13.8019;60.1538;187;14.8;4;0;2.31;1
144310;14.2238;64.5057;550;6.9;4;0;-1;NA
180760;20.6455;67.1421;359;8.8;4;0;0.02;0.25
107420;17.1641;60.7166;16;16.9;4;0;3.42;1
84520;14.3903;58.8772;211;12.8;4;0;1.88;1
71420;11.9925;57.71567;5;14.8;4;0;2.16;0.96927
74180;14.1399;57.2926;169;13.6;4;0;1.55;0.86592
135460;15.331;63.7695;375;9.9;4;0;0.07;0.31564
114410;14.9948;61.6606;454;13;4;0;0.33;0.32961
64020;14.8488;56.0131;55;16.1;4;0;-1;NA
163960;24.1162;65.8249;16;11.4;4;0;3.38;1
87140;17.0106;58.2505;14;15.9;4;0;-1;NA
62040;12.7653;56.0304;43;16.8;4;0;1.55;0.8743
155970;15.0854;65.8077;458;7.3;4;0;6.27;1
155960;15.0645;65.7832;793;4.4;4;0;5.58;1
138390;18.5502;63.6513;182;12;4;0;0.11;0.25
68560;18.1541;56.9213;39;16.8;4;0;-1;NA
140460;20.8692;63.8082;6;12.5;4;0;0.91;0.5838
75520;15.8652;57.8863;90;14.8;4;0;1.55;0.76257
146050;16.2388;64.0885;241;10.8;4;0;2.61;1
125440;15.0876;62.7512;343;10.9;4;0;1.85;1
83190;13.0406;58.3221;70;13.6;4;0;1.55;0.8352
63160;13.9432;56.2799;103;14.7;4;0;1.71;1
53530;13.6689;55.8633;114;15.9;4;0;0.14;0.25
112540;12.8542;61.8892;869;8.5;4;0;1.55;0.78212
170860;20.131;66.499;275;9;4;0;0.05;0.25
136410;16.9531;63.6849;214;11.3;4;0;0;0.25
139260;19.6768;63.4359;6;13.6;4;0;0;0.25
74460;14.0733;57.7514;226;13.1;4;0;1.55;0.7486
66420;16.2922;56.6784;6;17.1;4;0;2.44;1
192840;22.4488;68.4432;330;12.8;4;0;0.01;0.25
84310;14.5102;58.514;95;14;4;0;0;0.25
65090;15.5921;56.1498;2;17.1;4;0;0.03;0.25
93220;13.3374;59.4446;107;14.6;4;0;0.32;0.50559
188850;18.1719;68.4217;516;6.5;4;0;0.49;0.25
106160;16.977;60.2688;56;16.1;4;0;0.42;0.25
85460;15.03;58.7165;225;13.1;4;0;0.09;0.25
94190;14.8986;59.3;219;13;4;0;2.49;1
180940;20.3387;67.827;459;9.2;4;0;1.55;0.87151
95540;15.2553;59.8709;289;13.9;4;0;1.18;0.70391
124300;14.1571;62.4961;802;9.3;4;0;0.06;0.25
86420;16.3103;58.6894;153;14.5;4;0;0;0.25
133500;13.5037;63.8395;717;6.4;4;0;-1;NA
65510;15.47;56.8403;230;14.1;4;0;2.13;0.99721
82360;12.1999;58.6068;174;12.8;4;0;-1;NA
136090;16.1733;63.1521;183;11.5;4;0;0;0.25
117430;17.525;61.7033;8;14.9;4;0;-1;NA
85390;15.4372;58.6277;72;14.6;4;0;0;0.25
171790;21.133;66.2801;185;9.8;4;0;0.01;0.25
87440;17.8716;58.7433;18;15;4;0;1.55;0.74581
72420;12.2919;57.6764;154;12.5;4;0;2.65;1
180770;20.2747;67.2564;453;8.2;4;0;0.02;0.25
63510;13.8822;56.8526;148;14.2;4;0;0.31;0.32263
162860;22.1193;65.5434;17;10.3;4;0;0.19;0.25
128390;18.0929;62.6431;17;13.1;4;0;0.5;0.52235
85050;15.2359;58.0718;195;14;4;0;2.66;1
85240;15.5327;58.4004;93;14.2;4;0;1.45;1
52350;13.0734;55.5714;20;17.4;4;0;0.57;0.72905
103420;13.71;60.6773;306;13.9;4;0;-1;NA
158740;18.5974;65.1522;363;8.9;4;0;0.11;0.25
166910;16.1088;66.6815;614;6;4;0;0.56;0.43296
104580;14.507;60.9607;196;15.1;4;0;1.55;0.84078
75250;15.8037;57.3848;95;15.5;4;0;0.04;0.25
81050;11.3333;58.094;16;13.9;4;0;-1;NA
191910;21.5274;68.6777;402;11.9;4;0;1.08;0.89944
170930;20.9281;66.7529;327;9.3;4;0;0.28;0.43436
83420;13.1109;58.6998;53;14.4;4;0;1.55;0.77095
71190;11.9064;57.304;2;15.1;4;0;1.55;0.77654
179960;19.0253;67.8542;466;7.9;4;0;0.11;0.4581
81540;11.0062;58.8925;33;14.9;4;0;0.02;0.25
86340;16.147;58.58283;40;15.1;4;0;0.1;0.25
149560;19.3782;64.9263;309;9.3;4;0;0.97;0.5419
172940;22.336;66.8107;228;10.1;4;0;0.78;0.48184
183750;23.3952;67.2049;171;11.6;4;0;0.01;0.25
182910;22.8266;67.7315;312;11.6;4;0;-1;NA
149340;19.6983;64.5669;258;10.7;4;0;-1;NA
161710;21.5655;65.035;4;10.3;4;0;0.19;0.25
189720;19.8392;68.0745;493;8.3;4;0;1.55;0.73464
73480;13.1668;57.7848;297;11.8;4;0;1.55;0.85754
162790;22.3753;65.3131;1;9.6;4;0;-1;NA
182810;22.2334;67.3376;240;11.1;4;0;2.6;1
96560;16.6875;59.9098;57;15.8;4;0;1.16;0.62849
139120;19.0202;63.1886;11;13;4;0;2.61;1
98160;18.74058;59.3455;20;16.6;4;0;1.54;0.96369
151380;21.0717;64.6244;48;11.6;4;0;1.44;0.34497
54290;14.3172;55.4889;4;16.3;4;0;-1;NA
154730;14.5085;65.0942;1036;2.3;4;0;1.55;0.79609
97400;17.9545;59.6269;42;15.4;4;0;3.17;1
97200;17.9513;59.3537;14;16.2;4;0;0.32;0.3743
105220;15.1404;60.3822;492;12.2;4;0;1.55;0.76536
132170;12.1246;63.2831;583;8;4;0;2.21;0.4986
163900;23.1005;65.6982;4;10;4;0;1.55;0.7514
53300;13.3787;55.5231;72;16.6;4;0;-1;NA
127310;17.441;62.5246;4;13.4;4;0;0.46;0.39804
93520;13.1193;59.8644;110;14.7;4;0;0.44;0.38687
98490;18.6348;59.8321;15;16.2;4;0;0.12;0.25
124030;14.41;62.0471;362;13.1;4;0;0.92;0.91341
99280;19.5058;59.4428;12;15.4;4;0;2.66;1
132030;12.2775;63.0447;1030;5.1;4;0;2.95;0.47346
99450;19.4089;59.7538;15;15.6;4;0;2.06;1
178970;18.6068;67.9113;1150;3.8;4;0;1;1
169790;19.2;66.3002;581;6.9;4;0;0.78;0.54749
74300;14.4672;57.4983;356;12.2;4;0;0.05;0.25
126290;16.2774;62.4943;99;12;4;0;-1;NA
63590;13.0625;56.9496;130;14.1;4;0;0.31;0.32123
97100;17.9125;59.1789;45;15.8;4;0;1.55;0.86034
122260;12.6702;62.4502;723;9.8;4;0;0.43;0.41201
72090;12.7758;57.1136;122;13.7;4;0;1.55;0.82961
140480;20.2918;63.7947;14;13.2;4;0;0.34;0.42737
97510;17.6253;59.8586;13;16.4;4;0;2.33;0.93855
55570;15.7077;55.9557;3;17.4;4;0;1;0.95251
160970;20.1543;65.8769;182;9.8;4;0;0.78;0.51397
146350;16.8421;64.5809;348;9.4;4;0;1.02;0.56983
71380;11.6077;57.6324;12;14.5;4;0;0.17;0.25
78400;18.3428;57.6614;42;16.4;4;0;2.41;1
84050;14.4086;58.0951;94;13.7;4;0;1.73;0.89106
81350;11.0685;58.5763;22;13.9;4;0;1.57;1
138070;18.2555;63.1251;141;12.4;4;0;0.11;0.25
64510;14.8324;56.8464;199;14.4;4;0;1.55;0.74022
173900;23.468;66.6235;132;10.7;4;0;2.66;1
114140;14.0383;61.2542;252;14.1;4;0;0.33;0.33101
161910;21.0662;65.6702;40;10.7;4;0;0.01;0.25
106570;16.4311;60.962;162;15.7;4;0;1;0.55587
147090;17.3188;64.1661;307;9.8;4;0;1.55;0.84637
77210;17.0986;57.3672;2;17;4;0;-1;NA
66110;16.4036;56.1977;2;16.2;4;0;2.18;1
95130;15.0455;59.2289;53;15.3;4;0;3.86;1
138240;18.9797;63.4119;108;13.1;4;0;1.99;0.94413
78280;18.9871;57.4413;5;17.4;4;0;1.74;0.93296
172770;22.8472;66.263;61;10.7;4;0;1.55;0.85475
98230;18.0577;59.3421;44;16.3;4;0;2.03;1
108320;18.3766;60.5262;8;16.4;4;0;0.56;0.43156
113420;13.1865;61.6912;425;12.6;4;0;1.55;0.82402
SN10070:0;11.1723;62.5003;600;NA;5;1;NA;NA
SN10600:0;11.4534;62.6737;685;NA;5;1;NA;NA
SN1070:0;11.0322;59.0418;20;15.7;5;7;1.85;2
SN11000:0;11.8077;62.8715;865;NA;5;1;NA;NA
SN11060:0;11.3588;60.3712;322;NA;5;1;NA;NA
SN11125:0;11.1358;60.2852;180;NA;5;1;NA;NA
SN11340:0;10.643;60.4548;620;NA;5;1;NA;NA
SN1135:0;11.5408;58.99;160;NA;5;1;NA;NA
SN11440:0;11.147;60.5878;140;NA;5;1;NA;NA
SN11450:0;11.23;60.394;160;13.6;5;7;3.65;2
SN11463:0;11.2303;60.3977;150;NA;5;1;NA;NA
SN11690:0;10.6308;60.6125;410;NA;5;1;NA;NA
SN11790:0;10.3998;60.791;505;NA;5;1;NA;NA
SN120:0;12.6982;61.2177;580;NA;5;1;NA;NA
SN12030:0;11.2502;60.5545;141;NA;5;1;NA;NA
SN12050:0;11.2997;60.6215;160;NA;5;1;NA;NA
SN12180:0;11.2028;60.8028;182;13.7;5;7;0.55;1.03911
SN1230:0;11.3865;59.1223;8;NA;5;1;NA;NA
SN12580:0;10.7955;60.9153;230;NA;5;1;NA;NA
SN12600:0;10.679;60.953;161;NA;5;1;NA;NA
SN12648:0;10.4675;61.1145;210;14.6;5;5;4.69;NA
SN12666:0;10.442;61.108;130;NA;5;1;NA;NA
SN12700:0;10.5112;61.104;507;11.5;5;0;0.01;0.61453
SN12710:0;10.5143;61.1431;562;10.8;5;0;0.81;1.07263
SN12980:0;10.4548;61.1478;388;12.3;5;0;0.3;1.41899
SN13030:0;10.2588;61.2247;375;11.7;5;7;0.18;0.5
SN13110:0;10.4107;61.1697;205;NA;5;1;NA;NA
SN13125:0;10.2868;61.2865;200;NA;5;1;NA;NA
SN13390:0;10.0747;61.5298;185;NA;5;1;NA;NA
SN13640:0;9.4043;61.5145;630;NA;5;1;NA;NA
SN13750:0;8.8945;61.4183;1088;6.4;5;5;4.1;NA
SN13760:0;8.8103;61.3892;1390;NA;5;1;NA;NA
SN1380:0;11.3027;59.376;130;NA;5;1;NA;NA
SN1400:0;11.5583;59.1477;114;NA;5;1;NA;NA
SN14200:0;9.1542;61.7247;599;10.1;5;7;1.77;2
SN15050:0;8.5845;61.8412;379;NA;5;1;NA;NA
SN15262:0;8.3685;61.674;1844;-1.4;5;7;0.01;0.7933
SN15950:0;7.3928;62.0105;930;NA;5;1;NA;NA
SN1600:0;11.6843;59.2543;120;NA;5;1;NA;NA
SN16040:0;9.5413;61.7782;309;12;5;7;1.04;2
SN16265:0;9.4153;61.8783;380;NA;5;1;NA;NA
SN16400:0;9.2143;62.0172;560;9.5;5;7;1.22;2
SN1650:0;11.6599;59.3006;113;NA;5;1;NA;NA
SN16611:0;9.28625;62.1125;980;NA;5;1;NA;NA
SN16620:0;9.4752;62.1807;930;NA;5;1;NA;NA
SN16845:0;8.6903;62.147;620;NA;5;1;NA;NA
SN17050:0;10.8145;59.3188;12;16;5;0;0.42;1.39106
SN17090:0;10.897;59.3503;50;NA;5;1;NA;NA
SN17251:0;10.6842;59.4428;32;NA;5;1;NA;NA
SN17380:0;10.7543;59.398;35;15.7;5;7;0.25;0.98324
SN17400:0;10.79;59.4765;30;NA;5;1;NA;NA
SN17550:0;10.7252;59.5177;25;NA;5;1;NA;NA
SN17640:0;11.0083;59.7397;130;NA;5;1;NA;NA
SN17650:0;10.7395;59.6002;75;NA;5;1;NA;NA
SN17775:0;10.5886;59.7377;32;NA;5;1;NA;NA
SN17780:0;10.6308;59.8095;104;NA;5;1;NA;NA
SN17810:0;10.6622;59.8553;98;NA;5;1;NA;NA
SN17870:0;10.8107;59.6703;120;NA;5;1;NA;NA
SN17875:0;10.8312;59.685;91;NA;5;1;NA;NA
SN17895:0;10.76;59.794;110;NA;5;1;NA;NA
SN17980:0;10.8236;59.8427;92;NA;5;1;NA;NA
SN18020:0;10.7857;59.8783;135;NA;5;1;NA;NA
SN18160:0;10.7912;59.873;118;NA;5;1;NA;NA
SN18162:0;10.7864;59.9047;15;NA;5;1;NA;NA
SN18165:0;10.8013;59.8963;130;NA;5;1;NA;NA
SN18170:0;10.8368;59.8955;123;NA;5;1;NA;NA
SN18180:0;10.847;59.907;176;NA;5;1;NA;NA
SN18195:0;10.8212;59.9033;80;NA;5;1;NA;NA
SN18205:0;10.7902;59.9287;88;NA;5;1;NA;NA
SN18215:0;10.8315;59.9323;155;NA;5;1;NA;NA
SN18225:0;10.8293;59.9467;204;NA;5;1;NA;NA
SN18233:0;10.864;59.9451;120;NA;5;1;NA;NA
SN18235:0;10.8972;59.942;160;NA;5;1;NA;NA
SN18240:0;10.8905;59.9378;160;NA;5;1;NA;NA
SN18245:0;10.8737;59.9652;201;NA;5;1;NA;NA
SN18260:0;10.9257;59.9468;181;NA;5;1;NA;NA
SN18265:0;10.975;59.962;188;NA;5;1;NA;NA
SN18269:0;10.905;59.954;123;NA;5;1;NA;NA
SN18270:0;10.9333;59.9667;200;NA;5;1;NA;NA
SN18280:0;10.9287;59.9865;225;NA;5;1;NA;NA
SN18310:0;10.7747;59.9147;19;NA;5;1;NA;NA
SN18315:0;10.7623;59.919;37;NA;5;1;NA;NA
SN18390:0;10.7483;59.9418;74;NA;5;1;NA;NA
SN18405:0;10.7727;59.9398;110;NA;5;1;NA;NA
SN18410:0;10.798;59.941;140;NA;5;1;NA;NA
SN18420:0;10.7903;59.9463;130;NA;5;1;NA;NA
SN18440:0;10.7853;59.9605;162;NA;5;1;NA;NA
SN18450:0;10.7894;59.9719;173;NA;5;1;NA;NA
SN18645:0;10.7202;59.9142;25;NA;5;1;NA;NA
SN18690:0;10.7043;59.9112;20;NA;5;1;NA;NA
SN18701:0;10.7201;59.94227;94;15.8;5;5;4.58;NA
SN18920:0;10.7037;59.957;177;NA;5;1;NA;NA
SN18980:0;10.6343;59.9203;39;NA;5;1;NA;NA
SN19405:0;10.608;59.8909;5;NA;5;1;NA;NA
SN19430:0;10.5403;59.8923;3;NA;5;1;NA;NA
SN19455:0;10.5243;59.8892;22;NA;5;1;NA;NA
SN19458:0;10.5878;59.9248;71;NA;5;1;NA;NA
SN19490:0;10.5122;59.9058;67;NA;5;1;NA;NA
SN1950:0;11.6506;59.4829;123;NA;5;1;NA;NA
SN19510:0;10.6227;59.94046;123;NA;5;1;NA;NA
SN19525:0;10.515;59.9383;203;NA;5;1;NA;NA
SN19530:0;10.4601;59.9967;277;NA;5;1;NA;NA
SN1960:0;11.6107;59.51;208;NA;5;1;NA;NA
SN19660:0;10.3855;59.9475;250;NA;5;1;NA;NA
SN19663:0;10.3435;59.964;340;NA;5;1;NA;NA
SN19815:0;10.6038;59.6415;12;NA;5;1;NA;NA
SN19825:0;10.5813;59.5513;9;NA;5;1;NA;NA
SN19830:0;10.4922;59.548;165;NA;5;1;NA;NA
SN19923:0;10.33;59.819;250;NA;5;1;NA;NA
SN19940:0;10.2598;59.7908;39;15.3;5;7;0.06;0.5
SN20280:0;10.2662;60.1403;126;14.5;5;7;0.02;0.62849
SN20361:0;10.3113;60.2052;190;NA;5;1;NA;NA
SN20470:0;10.5295;60.2822;385;NA;5;1;NA;NA
SN20540:0;10.5592;60.3558;245;13.5;5;7;0.17;0.58101
SN21700:0;10.1453;61.0102;796;NA;5;1;NA;NA
SN22890:0;9.545;60.8643;767;NA;5;1;NA;NA
SN22990:0;9.3343;60.9532;425;NA;5;1;NA;NA
SN23300:0;9.1185;60.8175;830;NA;5;1;NA;NA
SN24230:0;9.8408;60.2225;210;NA;5;1;NA;NA
SN24240:0;9.8453;60.2588;212;NA;5;1;NA;NA
SN24350:0;10.049;60.0518;135;NA;5;1;NA;NA
SN2480:0;11.7178;59.8438;171;NA;5;1;NA;NA
SN24820:0;9.1548;60.5325;159;NA;5;1;NA;NA
SN25040:0;8.7443;60.786;570;NA;5;1;NA;NA
SN25165:0;8.1557;60.9757;1130;NA;5;1;NA;NA
SN25541:0;8.00375;60.68108;992;4.9;5;7;2.88;2
SN25580:0;8.3213;60.5825;670;NA;5;1;NA;NA
SN2560:0;11.3625;59.8388;204;NA;5;1;NA;NA
SN26060:0;9.8948;59.8387;18;NA;5;1;NA;NA
SN26350:0;9.4388;60.1357;143;13.9;5;7;0.16;0.89106
SN26500:0;9.9728;59.9202;64;NA;5;1;NA;NA
SN26580:0;10.2142;59.731;14;NA;5;1;NA;NA
SN26590:0;10.2312;59.7445;4;NA;5;1;NA;NA
SN26594:0;10.1973;59.7327;25;NA;5;1;NA;NA
SN26630:0;9.8728;59.7323;13;NA;5;1;NA;NA
SN26640:0;9.7773;59.7025;155;NA;5;1;NA;NA
SN26770:0;10.0997;59.4887;200;14.5;5;7;3.51;1.75419
SN26780:0;10.0582;59.7655;54;NA;5;1;NA;NA
SN26790:0;10.0275;59.7498;4;NA;5;1;NA;NA
SN26802:0;10.0258;59.7328;166;NA;5;1;NA;NA
SN26810:0;9.9155;59.7688;7;NA;5;1;NA;NA
SN26820:0;9.8922;59.7613;15;14.9;5;7;0.37;1.2514
SN26840:0;10.0123;59.7658;139;NA;5;1;NA;NA
SN26852:0;10.2258;59.7487;65;NA;5;1;NA;NA
SN26862:0;10.2118;59.744;15;NA;5;1;NA;NA
SN26864:0;10.195;59.7497;25;NA;5;1;NA;NA
SN26872:0;10.1705;59.7523;25;NA;5;1;NA;NA
SN26898:0;10.1382;59.7538;15;NA;5;1;NA;NA
SN26932:0;10.2168;59.721;100;NA;5;1;NA;NA
SN26934:0;10.2688;59.7112;5;NA;5;1;NA;NA
SN26950:0;10.4047;59.6027;4;15.8;5;7;1.59;1.31844
SN26996:0;10.1052;59.6473;437;11.9;5;0;2.89;2
SN27015:0;10.1458;59.7192;230;NA;5;1;NA;NA
SN27120:0;10.3847;59.4283;70;14.3;5;0;4.2;2
SN27160:0;10.4647;59.4198;95;15;5;0;0.32;0.5
SN27270:0;10.4312;59.2782;3;16.1;5;0;3.15;2
SN27315:0;10.2397;59.3808;39;14.6;5;0;1;2
SN27320:0;10.3825;59.3535;55;NA;5;1;NA;NA
SN27330:0;10.2983;59.2938;33;14.8;5;0;0.77;1.98324
SN27400:0;10.45604;59.23662;2;16.1;5;0;1.51;2
SN27403:0;10.45442;59.2084;1;15.7;5;0;0.08;0.5
SN27406:0;10.4238;59.169;2;15.6;5;0;0.22;0.5
SN27420:0;10.398;59.1208;32;15.6;5;0;1.53;2
SN27433:0;10.3655;59.1745;1;15.9;5;0;0.96;1.44134
SN27435:0;10.4023;59.2417;25;15.4;5;0;0.05;0.5
SN27460:0;10.4103;59.2173;5;15.5;5;0;0.28;0.5
SN27540:0;10.2558;59.1312;10;NA;5;1;NA;NA
SN27564:0;10.2025;59.1505;72;NA;5;1;NA;NA
SN27600:0;10.2147;59.132;6;NA;5;1;NA;NA
SN27630:0;10.2147;59.0857;4;NA;5;1;NA;NA
SN27780:0;10.125;59.0467;19;15.5;5;7;2.45;2
SN28450:0;9.4545;59.6112;390;NA;5;1;NA;NA
SN28750:0;9.3995;59.8685;183;NA;5;1;NA;NA
SN28923:0;9.1667;60.0393;227;NA;5;1;NA;NA
SN29350:0;8.7057;60.255;648;8.9;5;7;0.01;0.5
SN2970:0;12.4562;60.2525;273;NA;5;1;NA;NA
SN29700:0;8.4885;60.3738;1035;NA;5;1;NA;NA
SN2980:0;11.2753;59.1105;66;NA;5;1;NA;NA
SN30000:0;10.0272;59.053;28;NA;5;1;NA;NA
SN30020:0;10.0448;59.0768;55;NA;5;1;NA;NA
SN3005:0;11.2075;59.1778;40;NA;5;1;NA;NA
SN30247:0;9.771;59.1005;130;NA;5;1;NA;NA
SN30248:0;9.7014;59.0537;3;NA;5;1;NA;NA
SN30249:0;9.802;59.0875;5;NA;5;1;NA;NA
SN30258:0;9.6495;59.12055;5;NA;5;1;NA;NA
SN30261:0;9.6385;59.1353;10;NA;5;1;NA;NA
SN30270:0;9.6663;59.1405;4;NA;5;1;NA;NA
SN30280:0;9.5077;59.1255;10;NA;5;1;NA;NA
SN30305:0;9.6637;59.2485;280;NA;5;1;NA;NA
SN30320:0;9.5895;59.1992;13;NA;5;1;NA;NA
SN30330:0;9.5772;59.2268;41;14.5;5;7;0.49;1.11732
SN30428:0;9.5403;59.1855;20;NA;5;1;NA;NA
SN30530:0;9.2643;59.5688;34;NA;5;1;NA;NA
SN30810:0;9.0245;59.7238;191;NA;5;1;NA;NA
SN30860:0;9.058;59.8861;514;NA;5;1;NA;NA
SN30875:0;8.9863;59.8103;325;NA;5;1;NA;NA
SN31210:0;8.2667;60.1;1125;NA;5;1;NA;NA
SN31250:0;8.3755;59.9958;1093;NA;5;1;NA;NA
SN31410:0;8.6663;59.88;258;NA;5;1;NA;NA
SN31500:0;8.3477;59.8247;875;NA;5;1;NA;NA
SN31520:0;8.315;59.8358;949;NA;5;1;NA;NA
SN31550:0;8.323;59.8285;895;NA;5;1;NA;NA
SN31560:0;8.258;59.7978;959;NA;5;1;NA;NA
SN31680:0;7.4247;60.0825;1160;NA;5;1;NA;NA
SN31700:0;8.9267;59.8703;200;NA;5;1;NA;NA
SN31855:0;8.585;59.5873;335;NA;5;1;NA;NA
SN3200:0;11.1338;59.3072;31;NA;5;1;NA;NA
SN32061:0;9.2118;59.3822;94;14;5;7;0.28;1.06704
SN32220:0;8.9837;59.5022;1102;4.9;5;0;4.21;2
SN32240:0;9.0287;59.4175;105;14;5;7;2.12;2
SN32290:0;8.6443;59.4895;125;NA;5;1;NA;NA
SN32540:0;9.2802;59.2728;50;NA;5;1;NA;NA
SN3280:0;11.3937;59.4617;144;NA;5;1;NA;NA
SN3290:0;11.3905;59.3882;100;14.2;5;7;0;0.5
SN33555:0;7.8332;59.6203;490;NA;5;1;NA;NA
SN3370:0;11.0422;59.3193;45;15.1;5;7;2.2;1.27374
SN33990:0;7.0873;59.8498;990;NA;5;1;NA;NA
SN34095:0;9.6068;58.9817;50;NA;5;1;NA;NA
SN34100:0;9.5368;58.9732;70;NA;5;1;NA;NA
SN34370:0;9.3323;58.9397;60;NA;5;1;NA;NA
SN3480:0;11.4535;59.546;158;NA;5;1;NA;NA
SN34800:0;8.7742;59.1482;235;NA;5;1;NA;NA
SN35110:0;9.1197;58.851;85;NA;5;1;NA;NA
SN35340:0;9.2103;58.7182;36;NA;5;1;NA;NA
SN36110:0;8.7228;58.4613;50;NA;5;1;NA;NA
SN36330:0;8.7028;58.5158;134;12.9;5;7;0.52;1.83799
SN36490:0;8.717;58.5967;63;NA;5;1;NA;NA
SN37070:0;8.562;58.9032;160;NA;5;1;NA;NA
SN37150:0;8.6537;59.0523;570;9.9;5;7;0.36;1.05028
SN3720:0;11.0967;59.5873;90;NA;5;1;NA;NA
SN3730:0;11.095;59.5923;97;NA;5;1;NA;NA
SN37580:0;7.71;59.3445;816;NA;5;1;NA;NA
SN37600:0;8.0895;59.2842;326;NA;5;1;NA;NA
SN3810:0;11.166;59.5872;141;NA;5;1;NA;NA
SN38150:0;8.462;58.2968;70;NA;5;1;NA;NA
SN38250:0;8.1865;58.1995;35;NA;5;1;NA;NA
SN38735:0;8.4042;58.6042;186;NA;5;1;NA;NA
SN39010:0;8.0947;58.1302;77;NA;5;1;NA;NA
SN39030:0;8.0915;58.1813;83;NA;5;1;NA;NA
SN39150:0;8.0527;58.1505;12;NA;5;1;NA;NA
SN39160:0;8.019;58.1717;124;NA;5;1;NA;NA
SN39165:0;7.9993;58.1555;9;NA;5;1;NA;NA
SN39200:0;7.9968;58.1457;25;NA;5;1;NA;NA
SN3990:0;11.2923;59.7582;179;NA;5;1;NA;NA
SN40005:0;7.548;59.0283;235;NA;5;1;NA;NA
SN4090:0;10.9425;59.914;227;NA;5;1;NA;NA
SN40905:0;7.4553;59.6407;915;NA;5;1;NA;NA
SN41005:0;7.6202;58.086;80;NA;5;1;NA;NA
SN4110:0;10.9762;59.946;231;NA;5;1;NA;NA
SN41825:0;7.0452;58.134;6;12.1;5;7;2.27;2
SN41990:0;6.9238;58.2205;220;NA;5;1;NA;NA
SN4260:0;10.9777;59.9775;143;14.1;5;7;5.33;2
SN42810:0;6.709;58.6642;55;NA;5;1;NA;NA
SN43090:0;6.3582;58.325;136;NA;5;1;NA;NA
SN43220:0;6.1937;58.3798;205;NA;5;1;NA;NA
SN43360:0;6.003;58.4527;4;NA;5;1;NA;NA
SN43520:0;6.4867;58.6265;385;NA;5;1;NA;NA
SN43530:0;6.0762;58.5603;120;NA;5;1;NA;NA
SN43810:0;6.3675;58.7645;311;NA;5;1;NA;NA
SN43895:0;5.6815;58.5505;10;NA;5;1;NA;NA
SN44190:0;5.7402;58.736;135;10.9;5;7;2.02;2
SN44485:0;5.9877;58.6833;230;NA;5;1;NA;NA
SN44520:0;6.0135;58.755;288;NA;5;1;NA;NA
SN44545:0;5.6468;58.858;30;NA;5;1;NA;NA
SN44563:0;5.6147;58.9622;20;NA;5;1;NA;NA
SN44567:0;5.6545;58.9908;35;NA;5;1;NA;NA
SN44605:0;5.68;59.1222;30;NA;5;1;NA;NA
SN44710:0;5.7183;58.8842;15;NA;5;1;NA;NA
SN44730:0;5.7592;58.8662;19;11;5;0;4.87;2
SN44760:0;5.9672;58.9055;2;NA;5;1;NA;NA
SN44780:0;5.9622;58.8642;170;NA;5;1;NA;NA
SN44900:0;6.0553;58.8286;44;NA;5;1;NA;NA
SN44970:0;6.243;58.8077;65;NA;5;1;NA;NA
SN44985:0;6.6665;58.8933;660;NA;5;1;NA;NA
SN45350:0;6.6467;59.0552;5;11.1;5;7;2.52;2
SN4543:0;10.7217;60.157;235;NA;5;1;NA;NA
SN45460:0;6.049;59.0147;10;NA;5;1;NA;NA
SN45675:0;6.1737;59.1497;5;NA;5;1;NA;NA
SN45770:0;6.1498;59.23;43;10.8;5;7;1.01;2
SN4590:0;10.7475;60.2755;415;NA;5;1;NA;NA
SN46090:0;6.2927;59.2942;30;NA;5;1;NA;NA
SN46425:0;6.7383;59.8228;789;NA;5;1;NA;NA
SN47055:0;5.489;59.2955;40;NA;5;1;NA;NA
SN47060:0;5.4485;59.418;30;NA;5;1;NA;NA
SN47220:0;5.1837;59.1895;35;NA;5;1;NA;NA
SN47240:0;5.2572;59.2683;19;NA;5;1;NA;NA
SN4725:0;11.1165;60.1677;203;NA;5;1;NA;NA
SN47270:0;5.318;59.3187;8;NA;5;1;NA;NA
SN47445:0;5.4848;59.625;50;NA;5;1;NA;NA
SN47480:0;5.7025;59.5698;50;NA;5;1;NA;NA
SN47600:0;6.0657;59.6642;83;NA;5;1;NA;NA
SN47610:0;6.0873;59.6357;568;NA;5;1;NA;NA
SN4785:0;11.0782;60.2105;203;NA;5;1;NA;NA
SN47890:0;6.0167;59.8547;38;NA;5;1;NA;NA
SN48061:0;5.1872;59.7973;13;NA;5;1;NA;NA
SN48069:0;5.3795;59.7372;20;NA;5;1;NA;NA
SN48070:0;5.4025;59.7465;20;NA;5;1;NA;NA
SN4825:0;11.3015;59.942;145;NA;5;1;NA;NA
SN48450:0;5.7698;59.8643;13;NA;5;1;NA;NA
SN4920:0;11.3933;60.1268;160;13.9;5;7;0.45;1.12849
SN49240:0;6.5832;59.9487;205;NA;5;1;NA;NA
SN4950:0;11.494;60.1468;145;NA;5;1;NA;NA
SN4960:0;11.4792;60.2688;130;NA;5;1;NA;NA
SN49860:0;7.4945;60.3693;1243;NA;5;1;NA;NA
SN49865:0;7.6148;60.3993;1180;NA;5;1;NA;NA
SN49955:0;6.9147;60.5157;9;NA;5;1;NA;NA
SN50040:0;6.4865;60.4437;93;NA;5;1;NA;NA
SN50110:0;6.2182;60.3363;13;10.4;5;0;2.93;2
SN50245:0;5.6942;60.3643;39;NA;5;1;NA;NA
SN50311:0;5.9668;60.3877;448;NA;5;1;NA;NA
SN50351:0;5.8938;60.464;367;NA;5;1;NA;NA
SN50360:0;5.6502;60.3982;250;NA;5;1;NA;NA
SN50450:0;5.3305;60.2728;54;NA;5;1;NA;NA
SN50480:0;5.2776;60.2913;45;NA;5;1;NA;NA
SN50503:0;5.3967;60.35;215;8.6;5;0;2.02;2
SN50505:0;5.3713;60.3452;230;NA;5;1;NA;NA
SN50507:0;5.2992;60.331;90;NA;5;1;NA;NA
SN50514:0;5.077;60.3183;72;NA;5;1;NA;NA
SN50525:0;5.1555;60.372;30;NA;5;1;NA;NA
SN50526:0;5.1738;60.3725;50;NA;5;1;NA;NA
SN50527:0;5.2655;60.3685;98;NA;5;1;NA;NA
SN50539:0;5.332;60.3837;46;10.5;5;0;0.87;0.68436
SN50570:0;5.3358;60.404;175;9.1;5;0;1.23;2
SN50810:0;5.3418;60.4742;90;10.2;5;0;0.39;0.5
SN50815:0;5.348;60.4768;92;NA;5;1;NA;NA
SN50830:0;5.461;60.4213;20;NA;5;1;NA;NA
SN50865:0;5.542;60.3828;345;7.6;5;0;1.48;2
SN51460:0;6.2049;60.6377;45;NA;5;1;NA;NA
SN51597:0;6.5332;60.6147;237;NA;5;1;NA;NA
SN51610:0;6.4355;60.6438;81;NA;5;1;NA;NA
SN51940:0;6.4997;60.7855;215;NA;5;1;NA;NA
SN52360:0;5.6238;60.7915;325;NA;5;1;NA;NA
SN52390:0;5.4722;60.626;100;NA;5;1;NA;NA
SN52415:0;5.2288;60.7018;50;NA;5;1;NA;NA
SN52452:0;5.267;60.5225;20;NA;5;1;NA;NA
SN52458:0;5.1805;60.4413;17;NA;5;1;NA;NA
SN52555:0;5.0218;60.7928;25;NA;5;1;NA;NA
SN52940:0;5.4988;60.941;220;NA;5;1;NA;NA
SN52970:0;5.9063;61.0657;4;NA;5;1;NA;NA
SN53010:0;6.5055;60.9692;910;NA;5;1;NA;NA
SN53230:0;7.0557;60.8935;490;NA;5;1;NA;NA
SN53280:0;7.1048;60.861;15;NA;5;1;NA;NA
SN5330:0;11.5898;60.3582;135;NA;5;1;NA;NA
SN53990:0;7.5748;60.7418;1160;NA;5;1;NA;NA
SN54320:0;7.818;61.0583;407;NA;5;1;NA;NA
SN54330:0;7.8478;61.0795;410;NA;5;1;NA;NA
SN54420:0;8.0912;61.0067;1124;NA;5;1;NA;NA
SN54590:0;8.0172;61.1022;742;NA;5;1;NA;NA
SN54645:0;8.0413;61.1677;934;NA;5;1;NA;NA
SN54731:0;8.1527;61.1783;1010;NA;5;1;NA;NA
SN54740:0;7.6218;61.1883;35;NA;5;1;NA;NA
SN54770:0;7.766;61.2722;50;NA;5;1;NA;NA
SN54780:0;7.8183;61.3115;28;NA;5;1;NA;NA
SN54815:0;8.1385;61.2747;1080;NA;5;1;NA;NA
SN5495:0;12.063;60.102;185;NA;5;1;NA;NA
SN55520:0;7.2623;61.345;249;NA;5;1;NA;NA
SN55705:0;7.2098;61.2017;170;NA;5;1;NA;NA
SN55735:0;6.8745;61.3473;521;NA;5;1;NA;NA
SN55770:0;6.8608;61.1792;45;9.9;5;5;4.97;NA
SN55928:0;6.5285;61.2028;15;10.8;5;7;2.87;2
SN55930:0;6.5315;61.2038;14;NA;5;1;NA;NA
SN55970:0;6.2087;61.1645;20;NA;5;1;NA;NA
SN56010:0;6.0647;61.2178;5;NA;5;1;NA;NA
SN56250:0;5.827;61.2922;140;NA;5;1;NA;NA
SN5660:0;12.0913;60.2537;170;14;5;7;3.84;1.31285
SN5680:0;12.0435;60.3718;170;NA;5;1;NA;NA
SN56895:0;6.3215;61.3457;451;NA;5;1;NA;NA
SN57030:0;5.1728;61.3592;62;NA;5;1;NA;NA
SN57365:0;6.1298;61.5027;210;NA;5;1;NA;NA
SN57380:0;6.657;61.5158;346;NA;5;1;NA;NA
SN57630:0;5.6658;61.5647;190;NA;5;1;NA;NA
SN57789:0;5.1948;61.6673;422;NA;5;1;NA;NA
SN57810:0;5.2983;61.7707;16;10;5;7;0.3;0.61732
SN58030:0;5.9467;61.7503;7;NA;5;1;NA;NA
SN58060:0;6.3913;61.7392;82;NA;5;1;NA;NA
SN58165:0;6.5288;61.6093;224;NA;5;1;NA;NA
SN58350:0;6.5043;61.7668;635;NA;5;1;NA;NA
SN58670:0;7.0588;61.9078;32;NA;5;1;NA;NA
SN58705:0;7.3288;61.9878;1400;NA;5;1;NA;NA
SN58770:0;6.026;61.9032;71;NA;5;1;NA;NA
SN58910:0;6.5835;61.912;220;NA;5;1;NA;NA
SN58990:0;5.395;61.9347;23;NA;5;1;NA;NA
SN59586:0;5.9143;62.3468;130;NA;5;1;NA;NA
SN59860:0;5.9918;62.27;20;NA;5;1;NA;NA
SN60225:0;6.7928;62.2915;504;NA;5;1;NA;NA
SN60240:0;6.9933;62.191;900;2.7;5;7;2.6;2
SN60247:0;6.7288;62.028;391;NA;5;1;NA;NA
SN60310:0;7.1848;62.1362;620;NA;5;1;NA;NA
SN60640:0;7.2525;62.297;2;11.7;5;7;0.48;1.44693
SN60650:0;7.2172;62.2882;34;11.2;5;7;0.29;1.01676
SN60670:0;7.0663;62.3285;318;NA;5;1;NA;NA
SN60835:0;6.6457;62.4827;20;NA;5;1;NA;NA
SN60850:0;6.4325;62.4317;1;9.7;5;7;0.06;0.51117
SN60890:0;6.4013;62.4654;33;9.9;5;7;0.29;0.73464
SN60947:0;6.1945;62.4703;10;NA;5;1;NA;NA
SN60980:0;6.0762;62.5082;17;NA;5;1;NA;NA
SN61065:0;7.1135;62.6112;20;NA;5;1;NA;NA
SN61070:0;6.949;62.5325;305;NA;5;1;NA;NA
SN61340:0;7.672;62.5643;4;NA;5;1;NA;NA
SN61408:0;7.7612;62.4888;55;NA;5;1;NA;NA
SN6170:0;11.9425;60.624;189;NA;5;1;NA;NA
SN61790:0;7.783;62.571;27;NA;5;1;NA;NA
SN61810:0;8.0425;62.6578;500;NA;5;1;NA;NA
SN61820:0;8.105;62.663;14;NA;5;1;NA;NA
SN62200:0;7.6048;62.8275;210;NA;5;1;NA;NA
SN62240:0;7.3702;62.7603;15;NA;5;1;NA;NA
SN62290:0;7.2275;62.7413;5;NA;5;1;NA;NA
SN62950:0;7.7793;62.9712;43;NA;5;1;NA;NA
SN63000:0;8.166;62.7997;37;NA;5;1;NA;NA
SN63595:0;9.2136;62.5818;212;NA;5;1;NA;NA
SN63725:0;9.7215;62.6007;555;NA;5;1;NA;NA
SN63820:0;9.5827;62.4473;680;9.7;5;7;3.98;1.21788
SN63940:0;9.5877;62.2767;940;NA;5;1;NA;NA
SN64242:0;7.7978;63.0857;40;NA;5;1;NA;NA
SN64300:0;7.7027;63.1257;39;9.8;5;7;1.8;1.8324
SN64320:0;7.7303;63.1258;4;NA;5;1;NA;NA
SN64510:0;8.1862;62.9133;23;10.3;5;7;2.2;1.89385
SN64590:0;9.4367;63.097;295;NA;5;1;NA;NA
SN64760:0;8.6895;62.9853;5;11;5;7;1.9;2
SN65060:0;8.5602;63.1442;19;NA;5;1;NA;NA
SN65275:0;9.3853;63.228;350;NA;5;1;NA;NA
SN65530:0;9.0533;63.554;74;NA;5;1;NA;NA
SN6580:0;11.7625;60.7525;160;NA;5;1;NA;NA
SN66120:0;9.5685;63.3093;310;NA;5;1;NA;NA
SN66175:0;9.7628;63.2307;15;NA;5;1;NA;NA
SN66630:0;9.8413;62.8763;220;NA;5;1;NA;NA
SN66740:0;9.9845;62.7512;425;NA;5;1;NA;NA
SN66810:0;10.1523;62.6692;525;NA;5;1;NA;NA
SN6690:0;11.4172;60.8632;270;NA;5;1;NA;NA
SN66900:0;10.3925;62.4763;695;NA;5;1;NA;NA
SN670:0;11.9928;61.8405;754;NA;5;1;NA;NA
SN6700:0;11.4902;60.9573;200;NA;5;1;NA;NA
SN67005:0;9.9983;63.3297;70;NA;5;1;NA;NA
SN67140:0;10.2973;63.3403;44;11.3;5;0;0.09;0.74581
SN67210:0;10.255;63.1385;40;NA;5;1;NA;NA
SN67340:0;10.0213;62.8613;425;NA;5;1;NA;NA
SN67890:0;11.3245;62.7403;700;NA;5;1;NA;NA
SN68050:0;10.4428;63.4429;13;11.9;5;0;3.91;2
SN68120:0;10.3597;63.3628;135;10.6;5;0;0.01;0.5
SN68125:0;10.3498;63.4223;156;10.3;5;0;0.17;0.5
SN68175:0;10.4388;63.4078;120;NA;5;1;NA;NA
SN68230:0;10.4228;63.3987;84;NA;5;1;NA;NA
SN6840:0;11.3633;61.1215;230;NA;5;1;NA;NA
SN68863:0;10.4535;63.4107;127;10.7;5;0;0.01;0.5
SN69035:0;10.664;63.4262;133;NA;5;1;NA;NA
SN69190:0;11.0887;63.338;330;NA;5;1;NA;NA
SN69280:0;11.4957;63.4652;90;NA;5;1;NA;NA
SN69520:0;12.0385;63.3407;465;NA;5;1;NA;NA
SN69625:0;11.0718;63.622;30;NA;5;1;NA;NA
SN69661:0;6.4187;62.0385;80;NA;5;1;NA;NA
SN70390:0;12.2143;63.656;430;NA;5;1;NA;NA
SN70680:0;11.4255;63.9425;59;9.8;5;7;0.03;0.5
SN70960:0;12.341;64.3333;215;NA;5;1;NA;NA
SN70980:0;11.7635;64.1492;100;NA;5;1;NA;NA
SN71230:0;10.7303;63.7905;225;NA;5;1;NA;NA
SN71320:0;9.9705;63.5858;23;9.9;5;7;1.89;2
SN71385:0;10.2425;63.6965;232;NA;5;1;NA;NA
SN71805:0;10.5248;64.0972;265;NA;5;1;NA;NA
SN72200:0;11.2813;64.3398;38;NA;5;1;NA;NA
SN725:0;12.132;62.0818;826;NA;5;1;NA;NA
SN72710:0;12.0197;64.5103;32;9.6;5;7;4.89;2
SN73210:0;13.1005;64.491;467;NA;5;1;NA;NA
SN73630:0;12.6053;64.6237;117;NA;5;1;NA;NA
SN74670:0;13.3025;65.0627;280;NA;5;1;NA;NA
SN75190:0;11.2322;64.8487;35;NA;5;1;NA;NA
SN76245:0;12.1457;65.2702;18;NA;5;1;NA;NA
SN76956:0;22.25;71.3112;46;NA;5;1;NA;NA
SN76958:0;6.7912;65.1103;114;NA;5;1;NA;NA
SN77350:0;13.1427;65.3125;402;NA;5;1;NA;NA
SN78170:0;13.5822;66.053;155;NA;5;1;NA;NA
SN78910:0;12.3295;64.6933;67;NA;5;1;NA;NA
SN79791:0;15.3235;66.5548;676;NA;5;1;NA;NA
SN80050:0;13.2882;66.2862;320;NA;5;1;NA;NA
SN80730:0;13.6675;66.8815;10;NA;5;1;NA;NA
SN80870:0;14.2075;67.0837;62;NA;5;1;NA;NA
SN81340:0;14.8186;67.2037;93;NA;5;1;NA;NA
SN81365:0;14.8848;67.075;404;NA;5;1;NA;NA
SN81420:0;14.8982;67.0042;600;NA;5;1;NA;NA
SN81775:0;15.4628;66.7435;520;6.5;5;7;2.8;2
SN82020:0;15.4125;67.223;90;NA;5;1;NA;NA
SN82110:0;15.1018;67.2763;20;9;5;7;0.17;0.80168
SN82130:0;15.162;67.3312;5;NA;5;1;NA;NA
SN82210:0;14.5932;67.2878;30;NA;5;1;NA;NA
SN8230:0;11.0045;61.5747;283;NA;5;1;NA;NA
SN82310:0;14.4309;67.3084;5;NA;5;1;NA;NA
SN82650:0;15.5892;67.3605;3;NA;5;1;NA;NA
SN82720:0;15.8282;67.3335;665;4.5;5;7;2.49;2
SN82970:0;15.9142;67.7463;326;NA;5;1;NA;NA
SN83280:0;15.1827;67.9028;20;NA;5;1;NA;NA
SN83960:0;16.3953;68.2565;252;NA;5;1;NA;NA
SN84070:0;16.7883;68.3302;53;NA;5;1;NA;NA
SN84380:0;17.2438;68.371;30;NA;5;1;NA;NA
SN84880:0;17.966;68.3995;365;6.4;5;7;3.92;2
SN84900:0;18.0767;68.4323;512;6.3;5;7;0.06;0.5
SN84905:0;18.1035;68.436;499;NA;5;1;NA;NA
SN84910:0;17.8725;68.516;400;NA;5;1;NA;NA
SN84920:0;17.4255;68.53;170;NA;5;1;NA;NA
SN85480:0;14.2498;68.2628;20;NA;5;1;NA;NA
SN85645:0;13.1543;67.9627;54;NA;5;1;NA;NA
SN86520:0;15.2832;68.648;14;9;5;7;0.84;0.72626
SN86810:0;14.4898;68.781;8;NA;5;1;NA;NA
SN87117:0;16.0402;69.271;45;NA;5;1;NA;NA
SN87763:0;16.583;68.6278;20;NA;5;1;NA;NA
SN8780:0;10.0003;62.0103;780;9.6;5;7;3.01;2
SN87970:0;17.6513;68.6207;280;NA;5;1;NA;NA
SN8800:0;10.9097;61.8645;387;NA;5;1;NA;NA
SN88010:0;17.9052;68.6753;344;NA;5;1;NA;NA
SN88023:0;17.479;68.8698;8;NA;5;1;NA;NA
SN88628:0;17.511;69.4988;20;NA;5;1;NA;NA
SN8880:0;10.6268;62.1093;478;11.4;5;7;0.09;0.81285
SN89213:0;17.9633;69.072;175;NA;5;1;NA;NA
SN89233:0;18.2972;69.0917;170;NA;5;1;NA;NA
SN90:0;12.0647;61.1185;575;NA;5;1;NA;NA
SN90250:0;19.0503;69.1448;230;NA;5;1;NA;NA
SN90305:0;19.2608;69.4338;69;NA;5;1;NA;NA
SN90360:0;19.0087;69.5463;80;NA;5;1;NA;NA
SN90495:0;18.982;69.6942;80;11.6;5;0;0.72;2
SN90510:0;19.0065;69.6508;3;11.8;5;0;0.28;1.17318
SN90560:0;18.8772;69.6988;63;11.6;5;0;0.71;2
SN91251:0;20.5268;69.4722;72;12.4;5;0;0.83;0.93855
SN91420:0;20.4657;69.2852;148;NA;5;1;NA;NA
SN91480:0;20.7468;69.1467;510;NA;5;1;NA;NA
SN91505:0;20.3988;69.585;18;NA;5;1;NA;NA
SN91530:0;20.6188;69.458;1237;5.9;5;0;2.47;2
SN91551:0;20.8693;69.4802;20;12.9;5;7;0.13;0.7067
SN91675:0;20.506;69.7537;55;NA;5;1;NA;NA
SN91695:0;20.914;69.9367;5;NA;5;1;NA;NA
SN91715:0;20.8985;70.0033;25;NA;5;1;NA;NA
SN91728:0;20.5647;70.0662;30;NA;5;1;NA;NA
SN91890:0;21.6073;69.8978;390;NA;5;1;NA;NA
SN9250:0;9.7182;62.1838;808;NA;5;1;NA;NA
SN92500:0;21.7223;70.1227;915;7.4;5;7;0.51;1.28492
SN92895:0;22.2573;70.0398;40;NA;5;1;NA;NA
SN9303:0;9.5317;62.2318;1025;NA;5;1;NA;NA
SN9400:0;10.6165;62.179;480;NA;5;1;NA;NA
SN94130:0;23.6257;70.3992;38;NA;5;1;NA;NA
SN94195:0;23.9415;70.1805;339;NA;5;1;NA;NA
SN94235:0;23.7303;70.5458;25;NA;5;1;NA;NA
SN94430:0;24.6713;70.9352;127;NA;5;1;NA;NA
SN94640:0;25.7742;71.1575;296;NA;5;1;NA;NA
SN94805:0;25.6297;70.7765;10;NA;5;1;NA;NA
SN96650:0;27.5915;70.4275;357;NA;5;1;NA;NA
SN97120:0;26.1457;69.7563;120;NA;5;1;NA;NA
SN97470:0;24.2018;69.3772;324;NA;5;1;NA;NA
SN98265:0;29.0918;70.5292;225;NA;5;1;NA;NA
SN98630:0;30.5303;70.2453;25;NA;5;1;NA;NA
SN99420:0;30.005;69.6873;60;NA;5;1;NA;NA
SN99500:0;29.6885;69.3698;55;NA;5;1;NA;NA
100919:fmi;19.13142;60.30098;3;14.3;6;7;2.49;2
100963:fmi;23.76629;60.49137;96;NA;6;1;NA;NA
101049:fmi;21.42478;60.80183;5;NA;6;1;NA;NA
101050:fmi;21.7569;60.83316;21;NA;6;1;NA;NA
101075:fmi;22.69863;61.02353;73;NA;6;1;NA;NA
101077:fmi;22.37411;61.11013;46;NA;6;1;NA;NA
101081:fmi;22.71165;60.9043;82;NA;6;1;NA;NA
101093:fmi;22.388;60.87141;53;NA;6;1;NA;NA
101116:fmi;23.33637;61.39648;99;NA;6;1;NA;NA
101135:fmi;24.52403;60.51583;100;NA;6;1;NA;NA
101139:fmi;24.84366;60.80547;102;NA;6;1;NA;NA
101143:fmi;23.92006;61.00665;128;NA;6;1;NA;NA
101166:fmi;25.22437;60.62491;78;NA;6;1;NA;NA
101211:fmi;26.77904;61.25137;90;NA;6;1;NA;NA
101248:fmi;28.67649;61.36751;97;NA;6;1;NA;NA
101257:fmi;21.65092;61.84847;39;NA;6;1;NA;NA
101258:fmi;21.67362;62.13288;54;NA;6;1;NA;NA
101262:fmi;21.75918;62.49184;60;NA;6;1;NA;NA
101277:fmi;22.8228;61.73895;124;NA;6;1;NA;NA
101285:fmi;22.90956;62.47294;100;NA;6;1;NA;NA
101305:fmi;23.55334;62.44881;124;NA;6;1;NA;NA
101342:fmi;25.81138;61.51096;91;NA;6;1;NA;NA
101348:fmi;25.85707;61.83509;80;NA;6;1;NA;NA
101352:fmi;25.42166;62.15685;123;NA;6;1;NA;NA
101363:fmi;25.04996;62.41051;180;NA;6;1;NA;NA
101385:fmi;26.64228;61.98111;105;NA;6;1;NA;NA
101390:fmi;26.39161;61.76519;116;NA;6;1;NA;NA
101410:fmi;27.19297;62.01333;109;NA;6;1;NA;NA
101423:fmi;28.84608;61.79607;94;NA;6;1;NA;NA
101425:fmi;28.31944;61.92365;110;NA;6;1;NA;NA
101446:fmi;29.04407;62.05563;95;NA;6;1;NA;NA
101448:fmi;29.27713;62.16897;90;NA;6;1;NA;NA
101450:fmi;29.62954;62.31142;97;NA;6;1;NA;NA
101460:fmi;30.40736;62.42668;140;NA;6;1;NA;NA
101468:fmi;21.49353;62.62984;35;NA;6;1;NA;NA
101474:fmi;21.77633;62.97047;15;NA;6;1;NA;NA
101478:fmi;21.95944;62.73379;73;NA;6;1;NA;NA
101541:fmi;25.86171;62.87574;107;NA;6;1;NA;NA
101545:fmi;25.93597;63.16753;115;NA;6;1;NA;NA
101569:fmi;26.97915;63.31518;189;NA;6;1;NA;NA
101577:fmi;27.37003;63.37776;87;NA;6;1;NA;NA
101578:fmi;27.04741;62.66467;103;NA;6;1;NA;NA
101579:fmi;27.27107;62.85198;131;NA;6;1;NA;NA
101589:fmi;28.59248;62.57053;100;NA;6;1;NA;NA
101590:fmi;28.94241;62.61751;113;NA;6;1;NA;NA
101599:fmi;28.46988;63.27192;112;NA;6;1;NA;NA
101610:fmi;29.81092;62.51678;79;NA;6;1;NA;NA
101616:fmi;29.76161;63.10836;165;NA;6;1;NA;NA
101641:fmi;31.06215;63.03208;245;NA;6;1;NA;NA
101665:fmi;23.71761;63.59353;74;NA;6;1;NA;NA
101679:fmi;24.28492;63.76627;85;NA;6;1;NA;NA
101683:fmi;24.01571;64.23113;20;NA;6;1;NA;NA
101685:fmi;24.20738;64.27364;40;NA;6;1;NA;NA
101691:fmi;24.67356;64.06671;75;NA;6;1;NA;NA
101706:fmi;25.46905;63.60882;140;NA;6;1;NA;NA
101712:fmi;26.36981;63.72868;110;NA;6;1;NA;NA
101717:fmi;26.29889;64.35565;91;NA;6;1;NA;NA
101721:fmi;26.92553;64.05136;216;NA;6;1;NA;NA
101742:fmi;27.63681;64.29154;128;NA;6;1;NA;NA
101753:fmi;28.6186;64.46947;268;NA;6;1;NA;NA
101763:fmi;29.4548;63.82481;252;NA;6;1;NA;NA
101771:fmi;29.22012;64.06877;190;NA;6;1;NA;NA
101809:fmi;27.18867;64.92775;132;NA;6;1;NA;NA
101812:fmi;27.64664;65.16072;135;NA;6;1;NA;NA
101822:fmi;28.44834;65.23964;251;NA;6;1;NA;NA
101830:fmi;28.02947;64.66593;280;NA;6;1;NA;NA
101877:fmi;27.33292;65.7899;162;NA;6;1;NA;NA
101881:fmi;28.17124;65.97886;260;NA;6;1;NA;NA
101882:fmi;28.56439;65.73409;247;NA;6;1;NA;NA
101898:fmi;29.52435;65.51958;225;NA;6;1;NA;NA
101913:fmi;24.01188;67.38423;173;NA;6;1;NA;NA
101918:fmi;24.96899;67.26215;190;NA;6;1;NA;NA
101947:fmi;27.50995;67.10025;155;NA;6;1;NA;NA
101956:fmi;28.97693;66.94435;200;NA;6;1;NA;NA
101968:fmi;22.50613;68.44298;320;NA;6;1;NA;NA
101980:fmi;24.83291;68.23014;277;NA;6;1;NA;NA
102008:fmi;28.31619;68.47067;185;NA;6;1;NA;NA
102046:fmi;27.01822;68.90523;127;NA;6;1;NA;NA
105302:fmi;24.26238;60.14333;26;NA;6;1;NA;NA
