souid;lat;lon;value;elev;prid;dqc;sct;rep
3720;59.5873;11.0967;0.3;0;1;0;0.31;0.98356
3810;59.5872;11.166;0.2;0;1;0;0.08;0.91958
4110;59.946;10.9762;0.1;0;1;0;1.26;1.1
17780;59.8095;10.6308;0.1;0;1;0;0.07;0.93214
17870;59.6703;10.8107;0.1;0;1;0;0.02;0.9
18020;59.8783;10.7857;0.2;0;1;0;2.51;1.1
18162;59.9047;10.7864;0.3;0;1;0;4.31;1.1
18180;59.907;10.847;0.1;0;1;0;0.63;1.08759
18205;59.9287;10.7902;0.1;0;1;0;0.02;0.9
18215;59.9323;10.8315;0.1;0;1;0;0.1;0.94948
18225;59.9467;10.8293;0.1;0;1;0;0;0.9
18245;59.9652;10.8737;0.1;0;1;0;0.01;0.9
18270;59.9667;10.9333;0.1;0;1;0;0.43;1.05112
18310;59.9147;10.7747;0.1;0;1;0;0.07;0.92735
18405;59.9398;10.7727;0.1;0;1;0;0.01;0.9
18420;59.9463;10.7903;0.1;0;1;0;0;0.9
18440;59.9605;10.7853;0.1;0;1;0;0.07;0.92855
18645;59.9142;10.7202;0.2;0;1;0;0.75;1.07025
18701;59.9423;10.7201;0.1;0;1;0;0.24;1.01644
18703;59.9426;10.7194;0.2;0;1;0;0.18;0.96622
18815;59.905;10.6828;0.2;0;1;0;0.75;1.06667
18980;59.9203;10.6343;0.2;0;1;0;0.27;0.99073
19405;59.8909;10.608;0.1;0;1;0;0;0.9
19458;59.9248;10.5878;0.2;0;1;0;0.07;0.90882
19490;59.9058;10.5122;0.1;0;1;0;0.31;1.03677
19510;59.9405;10.6227;0.2;0;1;0;0;0.9
19530;59.9967;10.4601;0.2;0;1;0;2.15;1.1
19932;59.8562;10.065;0.5;0;1;0;2.77;1.1
26594;59.7327;10.1973;0.3;0;1;0;0.16;0.96024
26790;59.7498;10.0275;0.3;0;1;0;0.44;1.04514
26810;59.7688;9.9155;0.5;0;1;0;0.51;0.98057
26840;59.7658;10.0123;0.2;0;1;0;0.99;1.1
26852;59.7487;10.2258;0.1;0;1;0;0.5;1.08999
26862;59.744;10.2118;0.1;0;1;8;NA;NA
26864;59.7497;10.195;0.1;0;1;0;0.96;1.1
26872;59.7523;10.1705;0.1;0;1;0;1.08;1.1
26898;59.7538;10.1382;0.2;0;1;0;0;0.9
26934;59.7112;10.2688;0.4;0;1;0;0.58;1.04574
27015;59.7192;10.1458;0.5;0;1;0;0.84;1.05052
27120;59.4283;10.3847;0.3;0;1;0;0.05;0.9
27160;59.4198;10.4647;0.3;0;1;0;0.02;0.9
27270;59.2782;10.4312;0.4;0;1;0;0.66;1.02302
27400;59.2366;10.456;0.2;0;1;0;0.04;0.9
27403;59.2084;10.4544;0.1;0;1;0;0.08;0.93274
27406;59.169;10.4238;0;0;1;0;4.9;1.1
27420;59.1208;10.398;0;0;1;0;3.54;1.1
27433;59.1745;10.3655;0.1;0;1;0;0.07;0.92616
27435;59.2417;10.4023;0.4;0;1;0;1.16;1.06069
27460;59.2173;10.4103;0.2;0;1;0;0.12;0.93752
27564;59.1505;10.2025;0.3;0;1;0;0.47;1.01046
97;60.8126;11.34114;0;0;2;1;NA;NA
158;59.41147;6.08143;0;0;2;1;NA;NA
165;58.77857;5.67932;0;0;2;1;NA;NA
186;59.2581;10.40861;0.3;0;2;0;0.11;NA
217;58.61602;5.64045;0;0;2;1;NA;NA
265;59.93819;10.59397;0.1;0;2;0;0.95;NA
270;59.27422;10.46535;0.2;0;2;0;0.04;NA
283;60.79652;11.07368;0;0;2;1;NA;NA
284;59.92712;10.92913;0.1;0;2;0;1.13;NA
292;59.75643;5.45605;0.1;0;2;1;NA;NA
314;58.78646;5.60391;0;0;2;1;NA;NA
316;59.9881;11.22939;0;0;2;0;0.49;NA
333;61.49032;6.06733;0;0;2;1;NA;NA
340;60.04084;5.54164;0;0;2;1;NA;NA
341;59.94413;10.93444;0;0;2;0;1.72;NA
361;61.28464;10.38118;0;0;2;1;NA;NA
385;64.8629;11.2174;0;0;2;1;NA;NA
388;59.30362;11.02003;0.1;0;2;0;0.29;NA
396;60.44959;5.21843;0;0;2;1;NA;NA
411;59.98438;12.12801;0.1;0;2;7;1.43;NA
412;60.35773;11.22787;0.1;0;2;0;1.03;NA
422;59.37568;10.14372;0.6;0;2;0;0;NA
429;62.4765;6.82545;0;0;2;1;NA;NA
433;62.56273;7.68286;0;0;2;1;NA;NA
445;66.85577;13.70212;0;0;2;1;NA;NA
474;63.30909;10.16985;0;0;2;1;NA;NA
475;63.34877;10.37827;0;0;2;1;NA;NA
483;59.51239;10.69083;0.3;0;2;0;0;NA
491;62.69401;6.68858;0;0;2;1;NA;NA
525;59.28363;10.49793;0;0;2;5;8.18;NA
539;59.8301;10.80014;0.1;0;2;0;0.78;NA
554;62.68016;6.25745;0;0;2;1;NA;NA
569;59.95682;6.00032;0;0;2;1;NA;NA
570;59.19904;10.88089;0;0;2;5;4.01;NA
574;60.86667;8.55631;0.4;0;2;1;NA;NA
578;59.97405;11.24234;0;0;2;0;0.31;NA
587;59.89866;10.83905;0.1;0;2;0;0.68;NA
588;60.06485;11.08509;0.1;0;2;0;0;NA
591;59.10135;11.23629;0.2;0;2;0;0.12;NA
602;69.31608;16.12023;0;0;2;1;NA;NA
611;59.93141;10.72034;0.3;0;2;0;1.69;NA
614;58.85518;9.58163;0.2;0;2;0;0.53;NA
617;58.81982;5.74695;0;0;2;1;NA;NA
628;58.83687;5.72404;0;0;2;1;NA;NA
673;59.43192;10.63204;0.2;0;2;0;0;NA
675;58.77248;5.8082;0;0;2;1;NA;NA
681;59.00062;5.61055;0;0;2;1;NA;NA
684;58.88621;5.67644;0;0;2;1;NA;NA
689;58.72981;5.65611;0;0;2;1;NA;NA
726;63.01238;7.96542;0;0;2;1;NA;NA
737;61.52632;11.8592;0;0;2;1;NA;NA
740;60.31036;5.27503;0;0;2;1;NA;NA
743;59.48358;9.77858;1.2;0;2;0;1.34;NA
747;58.08101;7.81923;0;0;2;1;NA;NA
762;60.39353;5.44353;0;0;2;1;NA;NA
763;61.07059;10.63313;0;0;2;1;NA;NA
764;59.27341;10.4893;0;0;2;5;7.91;NA
765;59.90526;10.80856;0.1;0;2;0;0.34;NA
768;59.93299;10.76195;0.1;0;2;0;0;NA
772;59.88879;10.83839;0;0;2;0;1.75;NA
779;63.35491;10.25704;0;0;2;1;NA;NA
780;65.82094;13.21829;0;0;2;1;NA;NA
783;58.45334;8.75121;0;0;2;1;NA;NA
785;58.14744;8.07537;0;0;2;1;NA;NA
789;58.99017;5.69734;0.1;0;2;1;NA;NA
790;60.31696;5.29654;0;0;2;1;NA;NA
806;59.76902;10.24654;0;0;2;8;NA;NA
820;60.63812;5.02521;0;0;2;1;NA;NA
830;58.41598;8.71483;0.1;0;2;1;NA;NA
833;60.55093;5.73613;0;0;2;1;NA;NA
834;59.96813;10.6488;0.1;0;2;0;1.52;NA
835;59.01207;6.05402;0;0;2;1;NA;NA
837;59.70787;10.15514;0.4;0;2;0;0.16;NA
841;59.89595;10.54828;0.1;0;2;0;0.07;NA
842;58.78559;5.72969;0;0;2;1;NA;NA
844;65.48554;12.23701;0;0;2;1;NA;NA
845;59.19894;10.23242;0.1;0;2;0;2.04;NA
850;58.09207;7.7962;0;0;2;1;NA;NA
851;58.15499;8.06921;0;0;2;1;NA;NA
852;60.37824;10.42506;0.4;0;2;0;0.37;NA
860;59.91195;10.94364;0.1;0;2;0;1.66;NA
877;59.92703;10.71933;0;0;2;5;5.13;NA
884;59.5231;10.6859;0.2;0;2;0;0.47;NA
888;58.08882;6.62979;0;0;2;1;NA;NA
901;58.88812;9.29925;0.2;0;2;0;1.93;NA
914;59.91716;10.60433;0.2;0;2;0;0.22;NA
915;59.88036;10.84511;0;0;2;0;1.53;NA
931;58.82032;5.71592;0;0;2;1;NA;NA
942;58.01787;7.41309;0;0;2;1;NA;NA
968;60.26984;11.18992;0;0;2;8;NA;NA
975;59.58192;11.26277;0.2;0;2;0;0.29;NA
982;58.95611;5.69157;0;0;2;1;NA;NA
986;58.92777;5.85225;0;0;2;1;NA;NA
989;58.82255;5.5816;0;0;2;1;NA;NA
993;58.74784;5.64029;0;0;2;1;NA;NA
999;59.25487;11.095;0;0;2;5;4.96;NA
1003;60.39796;5.30811;0;0;2;1;NA;NA
1005;58.16031;7.99461;0;0;2;1;NA;NA
1032;61.93832;5.11647;0;0;2;1;NA;NA
1040;62.45612;6.11452;0;0;2;1;NA;NA
1050;60.2801;5.67179;0;0;2;1;NA;NA
1051;60.39383;5.33382;0;0;2;1;NA;NA
1066;62.18308;6.07998;0;0;2;1;NA;NA
1073;65.23362;12.09299;0;0;2;1;NA;NA
1074;63.99203;12.08618;0;0;2;1;NA;NA
1105;59.905;10.7487;0;0;2;0;3.89;NA
1113;58.93627;5.73053;0;0;2;1;NA;NA
1115;59.40442;9.07098;0.2;0;2;7;3.39;NA
1126;59.96785;10.76845;0.1;0;2;0;0.23;NA
1127;58.98206;5.61426;0;0;2;1;NA;NA
1129;58.9475;6.94096;0.2;0;2;1;NA;NA
1143;60.21644;11.52659;0.2;0;2;0;0.02;NA
1154;59.35445;5.32907;0;0;2;1;NA;NA
1163;60.34553;6.17577;0;0;2;1;NA;NA
1169;59.91319;10.78059;0;0;2;0;3.61;NA
1174;62.48188;6.79785;0;0;2;1;NA;NA
1187;59.42919;10.67252;0.2;0;2;0;0.01;NA
1198;62.10219;5.55269;0;0;2;1;NA;NA
1227;59.73077;10.75756;0.1;0;2;0;0.04;NA
1242;59.35911;5.32441;0;0;2;1;NA;NA
1262;63.28197;9.03997;0;0;2;1;NA;NA
1263;59.40906;5.30231;0;0;2;1;NA;NA
1274;58.84912;5.72476;0;0;2;1;NA;NA
1282;59.65887;10.71682;0;0;2;5;4.96;NA
1287;62.8211;6.91251;0;0;2;1;NA;NA
1290;59.83196;10.78148;0.1;0;2;0;0.66;NA
1297;59.76429;9.92803;0.3;0;2;0;0.16;NA
1300;61.7333;6.50691;0;0;2;1;NA;NA
1306;59.26409;11.14445;0.1;0;2;0;0.04;NA
1307;59.49212;10.84908;0.4;0;2;0;0.66;NA
1322;61.22379;11.86072;0.2;0;2;1;NA;NA
1323;63.47701;10.91822;0;0;2;1;NA;NA
1325;61.24707;7.13679;0;0;2;1;NA;NA
1329;58.5181;8.91038;0.1;0;2;1;NA;NA
1330;60.06294;10.85687;0.3;0;2;0;0.1;NA
1339;59.14146;8.64763;0.9;0;2;1;NA;NA
1342;59.88354;10.81251;0.1;0;2;0;0.6;NA
1350;62.61241;6.43449;0;0;2;1;NA;NA
1358;58.7842;5.61891;0;0;2;1;NA;NA
1359;58.04588;7.25628;0;0;2;1;NA;NA
1366;59.91647;10.57954;0.1;0;2;0;0.24;NA
1373;59.17322;10.21136;0.3;0;2;0;0.1;NA
1377;61.30873;12.25498;0;0;2;1;NA;NA
1387;58.60708;7.41813;0.1;0;2;1;NA;NA
1389;59.49276;10.65387;0;0;2;8;NA;NA
1395;58.59616;9.07255;0;0;2;1;NA;NA
1396;62.78589;7.52999;0;0;2;1;NA;NA
1398;67.28036;14.40492;0;0;2;1;NA;NA
1404;59.91306;10.76471;0.1;0;2;0;0.05;NA
1405;58.96388;5.88953;0;0;2;1;NA;NA
1438;59.94187;10.76669;0.1;0;2;0;0.02;NA
1450;69.62769;18.03479;0;0;2;1;NA;NA
1456;59.40256;5.29972;0;0;2;1;NA;NA
1461;67.26387;15.36641;0;0;2;1;NA;NA
1482;61.09857;10.51079;0;0;2;1;NA;NA
1495;59.30272;10.50202;0.2;0;2;0;0.02;NA
1502;59.94525;10.80553;0.2;0;2;4;NA;NA
1508;60.83261;10.09888;0.1;0;2;1;NA;NA
1511;59.38981;10.68894;0.1;0;2;0;0.52;NA
1518;59.92228;11.06737;0;0;2;0;0.28;NA
1524;59.67484;10.24977;0.3;0;2;0;0.03;NA
1526;68.37723;17.03366;0;0;2;1;NA;NA
1527;59.12818;9.64427;0;0;2;5;11.55;NA
1542;59.21768;9.58086;0.2;0;2;0;0.99;NA
1543;63.35289;10.3792;0;0;2;1;NA;NA
1546;63.71974;11.2994;0;0;2;1;NA;NA
1550;58.96431;5.74223;0;0;2;1;NA;NA
1556;62.80781;8.72837;0;0;2;1;NA;NA
1560;59.94948;11.02041;0;0;2;0;0.81;NA
1566;60.33091;5.0602;0;0;2;1;NA;NA
1567;60.76563;10.60213;0.3;0;2;1;NA;NA
1583;63.0668;7.99782;0;0;2;1;NA;NA
1588;59.27244;10.48305;0.1;0;2;0;1.11;NA
1592;63.36281;10.39512;0;0;2;1;NA;NA
1595;59.88256;10.61264;0.1;0;2;0;0;NA
1612;58.73228;5.66379;0;0;2;1;NA;NA
1616;59.41509;10.47795;0.2;0;2;0;0.28;NA
1622;60.20816;11.63531;0;0;2;8;NA;NA
1642;59.01291;10.00492;0.2;0;2;0;0.08;NA
1650;59.92232;5.79092;0;0;2;1;NA;NA
1664;60.26204;5.24853;0;0;2;1;NA;NA
1669;58.97885;5.68906;0;0;2;1;NA;NA
1680;59.76964;10.81357;0.2;0;2;0;2.62;NA
1682;60.39752;6.50315;0.2;0;2;1;NA;NA
1688;63.55673;10.67542;0;0;2;1;NA;NA
1706;60.32224;5.37587;0;0;2;1;NA;NA
1708;59.76293;10.03749;0.2;0;2;0;0.78;NA
1712;59.92623;10.75196;0.2;0;2;0;0.73;NA
1717;59.49652;10.29235;0.4;0;2;0;0.04;NA
1721;59.92033;10.96808;0;0;2;0;0.85;NA
1723;59.01146;9.74347;0.1;0;2;0;1.11;NA
1735;60.36508;6.07566;0;0;2;1;NA;NA
1762;59.64296;6.29376;0;0;2;1;NA;NA
1765;60.12404;12.31414;0.1;0;2;1;NA;NA
1769;62.65017;11.52747;0;0;2;1;NA;NA
1773;60.21388;5.38788;0;0;2;1;NA;NA
1787;59.905;10.7487;0.1;0;2;0;0.06;NA
1801;59.88678;11.56526;0;0;2;0;3.03;NA
1820;62.40181;6.58402;0;0;2;1;NA;NA
1825;59.2039;9.58139;0.3;0;2;0;0.13;NA
1838;60.45783;5.13182;0;0;2;1;NA;NA
1850;59.12976;10.27994;0.1;0;2;0;0.08;NA
1875;60.63259;12.02393;0.2;0;2;1;NA;NA
1886;59.17542;8.57749;1.1;0;2;1;NA;NA
1895;60.18597;12.09735;0.1;0;2;7;1.27;NA
1909;62.51685;7.76789;0;0;2;1;NA;NA
1910;63.39353;10.37059;0;0;2;1;NA;NA
1929;59.93876;10.71354;0.2;0;2;0;0.22;NA
1937;58.1293;8.0915;0;0;2;1;NA;NA
1945;59.74471;8.86732;0.5;0;2;1;NA;NA
1948;61.96505;5.95132;0;0;2;1;NA;NA
1955;61.10326;10.50852;0;0;2;1;NA;NA
1957;59.98157;11.23797;0;0;2;0;0.4;NA
1963;63.51245;10.82199;0;0;2;1;NA;NA
1970;59.56511;10.58408;0.3;0;2;0;0.34;NA
1979;59.10697;10.90709;0.1;0;2;0;0.06;NA
1981;59.7699;5.49725;0.2;0;2;1;NA;NA
1985;59.76772;9.67734;0.8;0;2;0;0.15;NA
1994;59.67683;9.6382;0.9;0;2;0;0.17;NA
2011;59.91091;10.51932;0.1;0;2;0;0.31;NA
2012;58.192;7.93678;0;0;2;1;NA;NA
2015;59.52044;5.27935;0.1;0;2;1;NA;NA
2016;61.05309;7.56038;0;0;2;1;NA;NA
2021;58.51781;7.69381;1.1;0;2;1;NA;NA
2024;58.98836;10.02772;0.1;0;2;0;0.34;NA
2026;67.29168;14.61228;0;0;2;1;NA;NA
2034;60.35487;10.6165;0.4;0;2;0;0.03;NA
2036;58.92843;5.73802;0;0;2;1;NA;NA
2037;59.91084;10.609;0.3;0;2;0;1.69;NA
2044;59.89532;10.58218;0.1;0;2;0;0.03;NA
2051;58.88526;6.00887;0;0;2;1;NA;NA
2053;59.21704;9.59761;0.3;0;2;0;0.08;NA
2057;59.83489;5.77381;0;0;2;1;NA;NA
2062;68.1273;13.54084;0;0;2;1;NA;NA
2065;63.43868;10.63904;0;0;2;1;NA;NA
2071;58.48763;7.91902;0.1;0;2;1;NA;NA
2074;60.32574;5.27719;0;0;2;1;NA;NA
2082;58.89643;5.72853;0.1;0;2;1;NA;NA
2087;61.37934;7.28152;0;0;2;1;NA;NA
2106;59.73882;11.80495;0.4;0;2;7;0.01;NA
2109;59.9396;10.75345;0;0;2;13;NA;NA
2111;60.35779;5.36581;0;0;2;1;NA;NA
2118;60.40659;5.32626;0;0;2;1;NA;NA
2122;59.93845;11.17079;0.1;0;2;0;3.62;NA
2135;58.44852;8.78864;0;0;2;1;NA;NA
2144;63.75251;11.23303;0;0;2;1;NA;NA
2154;59.17286;11.38108;0;0;2;5;5.35;NA
2163;60.85378;10.9907;0;0;2;1;NA;NA
2172;59.60036;9.79194;0.9;0;2;0;0.04;NA
2174;58.85242;5.89538;0;0;2;1;NA;NA
2179;59.44314;10.6153;0.2;0;2;0;0.01;NA
2182;59.91613;10.71083;0;0;2;5;4.02;NA
2185;59.59421;5.57479;0;0;2;1;NA;NA
2196;59.5639;9.29786;0.6;0;2;0;0.08;NA
2199;60.49065;5.3864;0;0;2;1;NA;NA
2201;60.13742;11.16637;0.2;0;2;0;0.21;NA
2208;58.74065;5.73939;0;0;2;1;NA;NA
2218;62.43887;6.17512;0;0;2;1;NA;NA
2219;58.03424;7.46919;0;0;2;1;NA;NA
2229;62.36384;5.53831;0;0;2;1;NA;NA
2230;59.92986;11.13457;0;0;2;0;0.09;NA
2234;60.4459;5.17515;0;0;2;1;NA;NA
2238;61.33521;12.17121;0;0;2;1;NA;NA
2243;59.54804;5.84967;0;0;2;1;NA;NA
2258;63.40465;10.40487;0;0;2;1;NA;NA
2263;62.15083;6.07705;0;0;2;1;NA;NA
2264;59.87601;10.80504;0.1;0;2;0;0.61;NA
2266;60.33737;5.29415;0;0;2;1;NA;NA
2269;61.93277;5.11136;0;0;2;1;NA;NA
2278;62.43544;6.37923;0;0;2;1;NA;NA
2282;58.9162;5.69334;0;0;2;1;NA;NA
2283;59.04123;11.05602;0.2;0;2;0;0.07;NA
2284;59.40994;10.46764;0.3;0;2;0;0.08;NA
2291;59.68673;10.34894;0.3;0;2;8;NA;NA
2294;58.74101;5.74433;0;0;2;1;NA;NA
2299;58.62137;5.65005;0;0;2;1;NA;NA
2300;60.52934;11.9894;0.2;0;2;1;NA;NA
2302;59.92679;10.68374;0;0;2;13;NA;NA
2307;63.09245;7.81056;0;0;2;1;NA;NA
2317;59.40353;5.2873;0;0;2;1;NA;NA
2322;59.9442;10.74734;0.1;0;2;0;0.13;NA
2323;60.29212;5.07709;0;0;2;1;NA;NA
2330;60.26028;11.05226;0.2;0;2;0;0.42;NA
2341;60.24063;10.38558;0.1;0;2;8;NA;NA
2342;67.23714;14.62322;0;0;2;1;NA;NA
2346;59.93496;10.713;0.2;0;2;0;0.28;NA
2347;60.74668;10.76062;0.1;0;2;1;NA;NA
2373;59.944;10.82635;0.1;0;2;4;NA;NA
2388;59.95619;10.69003;0.2;0;2;0;0.02;NA
2390;59.2935;10.75449;0.2;0;2;0;0.08;NA
2397;59.93101;11.02865;0.1;0;2;0;2.1;NA
2399;60.00483;10.9297;0.2;0;2;0;0.81;NA
2402;59.0206;8.5202;0.3;0;2;1;NA;NA
2407;58.81752;5.73862;0;0;2;1;NA;NA
2411;59.12398;10.29072;0.1;0;2;0;0.02;NA
2412;62.61845;7.09092;0;0;2;1;NA;NA
2413;59.03403;9.71149;0.2;0;2;0;0.04;NA
2421;59.43446;10.69365;0.1;0;2;0;0.67;NA
2432;59.28481;6.14016;0;0;2;1;NA;NA
2434;63.43861;10.62468;0;0;2;1;NA;NA
2435;62.23562;5.80336;0;0;2;1;NA;NA
2436;59.65735;9.63309;1.1;0;2;0;1.56;NA
2438;58.85951;5.76897;0.1;0;2;1;NA;NA
2446;63.11849;8.30562;0;0;2;1;NA;NA
2450;60.26817;10.4752;0.4;0;2;0;0.32;NA
2453;67.29116;14.57224;0;0;2;1;NA;NA
2455;58.44948;5.99474;0.5;0;2;1;NA;NA
2457;60.06383;11.08198;0.1;0;2;0;0;NA
2461;60.04131;5.52356;0.1;0;2;1;NA;NA
2469;68.41974;17.37259;0;0;2;1;NA;NA
2470;60.46388;5.4334;0;0;2;1;NA;NA
2472;59.30722;11.12584;0.2;0;2;0;0.16;NA
2473;58.8881;5.60879;0;0;2;1;NA;NA
2482;59.1303;10.40122;0.1;0;2;0;0.08;NA
2487;59.21054;9.57878;0.3;0;2;0;0.18;NA
2492;63.4382;10.60296;0;0;2;1;NA;NA
2496;58.70033;5.56592;0.1;0;2;1;NA;NA
2498;59.44769;5.39359;0.1;0;2;1;NA;NA
2510;60.37978;5.15724;0;0;2;1;NA;NA
2511;59.09456;5.77566;0;0;2;1;NA;NA
2518;60.38554;5.29734;0;0;2;1;NA;NA
2524;59.82932;10.68781;0;0;2;0;3.04;NA
2529;59.13215;10.23233;0.1;0;2;0;0.33;NA
2544;59.66938;10.53146;0.1;0;2;0;0.01;NA
2550;60.80656;11.13056;0;0;2;1;NA;NA
2558;60.0519;5.50797;0.2;0;2;1;NA;NA
2559;62.22906;6.27133;0;0;2;1;NA;NA
2563;59.88607;10.83677;0.1;0;2;0;0.82;NA
2568;59.40865;10.45827;0.4;0;2;0;0.64;NA
2572;60.28842;5.39079;0;0;2;1;NA;NA
2581;63.5391;11.85651;0;0;2;1;NA;NA
2591;58.82836;5.75453;0;0;2;1;NA;NA
2596;62.34279;5.86139;0;0;2;1;NA;NA
2608;59.93169;10.76586;0.1;0;2;0;0;NA
2611;60.5499;9.13939;1.2;0;2;1;NA;NA
2619;62.53634;6.57616;0;0;2;1;NA;NA
2620;59.13371;10.22774;0.3;0;2;0;1.05;NA
2626;63.79104;11.50161;0;0;2;1;NA;NA
2627;59.9127;10.7461;0;0;2;5;4.01;NA
2628;59.78375;10.44749;0.1;0;2;0;0.1;NA
2629;58.95808;5.62494;0;0;2;1;NA;NA
2631;59.79361;5.18695;0.1;0;2;1;NA;NA
2632;59.95;10.75;0;0;2;13;NA;NA
2635;59.70919;10.82692;0.2;0;2;0;1.04;NA
2642;63.01396;7.96835;0;0;2;1;NA;NA
2649;60.70123;8.99977;0.4;0;2;1;NA;NA
2655;68.2181;14.4824;0;0;2;1;NA;NA
2661;59.75519;10.83597;0.1;0;2;0;0.39;NA
2669;62.18535;6.14109;0;0;2;1;NA;NA
2672;63.43282;10.60369;0;0;2;1;NA;NA
2674;59.03088;6.034;0;0;2;1;NA;NA
2683;59.40085;9.20743;0;0;2;8;NA;NA
2684;59.96751;10.64369;0.3;0;2;0;0.14;NA
2685;58.27234;8.50318;0;0;2;1;NA;NA
2700;58.95918;5.7001;0;0;2;1;NA;NA
2701;59.26677;11.1466;0.1;0;2;0;0.05;NA
2708;59.9617;10.6542;0.1;0;2;0;1.2;NA
2715;68.03505;16.01634;0;0;2;1;NA;NA
2725;62.58944;9.66199;0;0;2;1;NA;NA
2732;62.26551;10.7717;0;0;2;1;NA;NA
2740;58.65947;5.65628;0;0;2;1;NA;NA
2742;59.74876;10.29865;0.1;0;2;0;0.03;NA
2771;59.50453;5.58177;0;0;2;1;NA;NA
2772;59.9116;10.7484;0.2;0;2;0;1.11;NA
2773;59.94272;11.01609;0;0;2;0;0.78;NA
2776;59.87299;10.51292;0.1;0;2;0;0.03;NA
2780;59.50245;10.07407;0.7;0;2;0;0.12;NA
2785;65.07411;11.95433;0;0;2;1;NA;NA
2788;58.17156;8.08331;0.2;0;2;1;NA;NA
2795;63.39851;10.33612;0;0;2;1;NA;NA
2801;58.72927;5.64629;0;0;2;1;NA;NA
2807;59.279;10.45827;0.3;0;2;0;0.15;NA
2811;59.90013;10.56559;0.1;0;2;0;0.07;NA
2812;58.55374;7.77341;0.4;0;2;1;NA;NA
2820;60.70532;10.8113;0;0;2;1;NA;NA
2821;58.47608;8.79462;0;0;2;1;NA;NA
2822;59.59594;5.58656;0.1;0;2;1;NA;NA
2845;59.94847;10.69992;0.2;0;2;0;0.08;NA
2848;58.93074;5.74566;0.1;0;2;1;NA;NA
2876;59.59383;11.33472;0.2;0;2;0;0.18;NA
2882;63.41781;10.49706;0;0;2;1;NA;NA
2895;59.97999;11.0278;0;0;2;0;1.49;NA
2897;60.86569;11.56763;0;0;2;1;NA;NA
2899;61.05127;7.54892;0;0;2;1;NA;NA
2910;58.16759;8.16113;0;0;2;1;NA;NA
2915;60.62956;6.42215;0;0;2;1;NA;NA
2918;59.76256;10.85422;0.1;0;2;0;0.52;NA
2921;64.85617;11.6112;0;0;2;1;NA;NA
2925;59.93655;10.66068;0.3;0;2;0;0.94;NA
2928;60.54045;5.06117;0;0;2;1;NA;NA
2932;59.81977;11.4932;0;0;2;0;2.75;NA
2934;59.41358;5.26799;0.1;0;2;1;NA;NA
2939;63.28233;10.43396;0;0;2;1;NA;NA
2942;60.32098;11.24102;0.1;0;2;0;1.46;NA
2951;60.73479;11.29333;0.1;0;2;1;NA;NA
2958;60.52432;5.19444;0;0;2;1;NA;NA
2961;63.99475;10.01419;0;0;2;1;NA;NA
2973;59.89144;10.69596;0.2;0;2;0;1.09;NA
2977;58.72921;5.66578;0;0;2;1;NA;NA
2997;63.26633;8.36993;0;0;2;1;NA;NA
2998;60.3911;5.3247;0;0;2;1;NA;NA
3002;58.99302;5.91383;0;0;2;1;NA;NA
3004;62.21941;6.24956;0;0;2;1;NA;NA
3006;63.04334;7.53689;0;0;2;1;NA;NA
3008;60.41256;5.32245;0;0;2;1;NA;NA
3009;59.76999;5.49685;0.2;0;2;1;NA;NA
3011;60.8809;10.9395;0.1;0;2;1;NA;NA
3012;59.85729;10.80705;0;0;2;0;1.8;NA
3019;59.94743;11.03761;0;0;2;0;0.62;NA
3031;59.94385;11.01785;0;0;2;0;0.77;NA
3033;60.38877;5.22894;0;0;2;1;NA;NA
3043;62.20764;6.14279;0;0;2;1;NA;NA
3049;60.88826;10.95839;0;0;2;1;NA;NA
3051;58.30001;6.63913;0.1;0;2;1;NA;NA
3059;58.99263;9.85897;0.4;0;2;0;1.77;NA
3060;59.27396;5.30871;0;0;2;1;NA;NA
3064;59.19627;10.37792;0.1;0;2;0;0.17;NA
3068;63.47314;11.11933;0;0;2;1;NA;NA
3075;59.87983;10.84602;0.1;0;2;0;0.97;NA
3076;59.42304;5.3987;0;0;2;1;NA;NA
3081;59.10247;10.2448;0.2;0;2;0;0.44;NA
3097;60.25041;10.38766;0.1;0;2;5;5.85;NA
3112;59.93732;10.68427;0.3;0;2;0;1.2;NA
3116;63.42262;10.75145;0;0;2;1;NA;NA
3121;63.53159;9.42548;0;0;2;1;NA;NA
3129;60.393;5.3242;0;0;2;1;NA;NA
3130;59.66814;6.00516;0;0;2;1;NA;NA
3137;60.37951;5.1981;0;0;2;1;NA;NA
3140;59.01452;5.58782;0;0;2;1;NA;NA
3143;59.04475;9.22881;0.6;0;2;0;0.23;NA
3148;58.85844;5.56665;0;0;2;1;NA;NA
3149;59.93536;5.86157;0;0;2;1;NA;NA
3150;61.5682;10.27633;0;0;2;1;NA;NA
3156;63.2843;10.21318;0;0;2;1;NA;NA
3169;68.65543;15.33412;0;0;2;1;NA;NA
3178;60.84618;11.29732;0;0;2;1;NA;NA
3179;68.42115;17.33048;0;0;2;1;NA;NA
3182;59.91758;10.58045;0.2;0;2;0;0.17;NA
3190;59.19778;6.04919;0;0;2;1;NA;NA
3222;58.81758;5.92431;0;0;2;1;NA;NA
3225;70.66239;23.67666;0;0;2;1;NA;NA
3226;59.60275;9.73271;0.7;0;2;0;0.13;NA
3229;58.96349;5.73943;0.1;0;2;1;NA;NA
3236;59.7981;5.71314;0.1;0;2;1;NA;NA
3241;59.33913;6.2252;0;0;2;1;NA;NA
3252;68.09594;16.37547;0;0;2;1;NA;NA
3253;58.93769;9.59435;0.3;0;2;0;0.01;NA
3254;59.88109;10.50687;0.2;0;2;0;0.3;NA
3256;60.38398;5.29741;0;0;2;1;NA;NA
3257;61.18565;10.35031;0;0;2;1;NA;NA
3262;59.25611;10.36519;0.3;0;2;0;0;NA
3264;59.65095;10.83191;0.1;0;2;0;0.38;NA
3266;59.27717;11.06456;0;0;2;5;4.68;NA
3268;62.48227;6.78776;0;0;2;1;NA;NA
3282;59.9167;10.6167;0.1;0;2;0;0.15;NA
3285;60.16052;11.18605;0.2;0;2;0;0.1;NA
3292;58.90818;5.66809;0;0;2;1;NA;NA
3294;58.24677;6.83877;0;0;2;1;NA;NA
3310;59.76002;9.89643;0.5;0;2;0;0.02;NA
3313;59.15821;8.45724;0.7;0;2;1;NA;NA
3315;58.84334;5.77006;0;0;2;1;NA;NA
3321;59.12045;5.6114;0.1;0;2;1;NA;NA
3329;58.85407;5.75715;0;0;2;1;NA;NA
3330;61.27589;10.01118;0;0;2;1;NA;NA
3332;59.90625;11.10096;0;0;2;0;0.07;NA
3334;59.73561;10.76502;0.2;0;2;0;1.36;NA
3338;62.20719;6.0859;0;0;2;1;NA;NA
3342;60.38564;5.32861;0;0;2;1;NA;NA
3346;62.4617;6.30031;0;0;2;1;NA;NA
3350;58.07343;7.0064;0;0;2;1;NA;NA
3353;59.4321;5.6137;0;0;2;1;NA;NA
3354;58.91036;11.52201;0.2;0;2;7;3.55;NA
3358;62.97017;7.15729;0;0;2;1;NA;NA
3361;59.23386;10.43488;0.2;0;2;0;0.01;NA
3365;58.88639;5.65824;0;0;2;1;NA;NA
3369;59.09929;10.30591;0.1;0;2;0;0.02;NA
3370;60.37613;5.11179;0;0;2;1;NA;NA
3373;60.34217;10.45694;0.7;0;2;0;1.01;NA
3402;59.26412;5.20904;0.1;0;2;1;NA;NA
3405;60.34266;5.38089;0;0;2;1;NA;NA
3413;59.11461;10.23456;0.1;0;2;0;0.19;NA
3415;59.92714;10.7278;0.2;0;2;0;0.46;NA
3417;59.79127;9.91042;0.2;0;2;0;1.02;NA
3421;66.35311;14.41909;0;0;2;1;NA;NA
3423;60.38714;5.45568;0;0;2;1;NA;NA
3426;60.74445;5.1597;0;0;2;1;NA;NA
3433;58.12911;8.0745;0;0;2;1;NA;NA
3437;60.04851;5.22047;0.1;0;2;1;NA;NA
3452;58.12699;7.05516;0;0;2;1;NA;NA
3456;59.42434;11.0086;0.3;0;2;0;0.37;NA
3459;61.25738;7.13399;0;0;2;1;NA;NA
3465;60.18918;10.19632;0.2;0;2;0;2.6;NA
3466;59.31122;11.15584;0.1;0;2;0;0.41;NA
3468;60.37501;5.33796;0;0;2;1;NA;NA
3472;59.01192;11.01613;0.1;0;2;0;0.93;NA
3476;58.86601;5.79563;0.1;0;2;1;NA;NA
3478;59.12399;8.51301;0.5;0;2;1;NA;NA
3486;62.46559;6.65395;0;0;2;1;NA;NA
3508;58.94635;5.68288;0;0;2;1;NA;NA
3514;58.98304;5.74752;0.1;0;2;1;NA;NA
3521;63.17665;8.3149;0;0;2;1;NA;NA
3522;59.66976;9.66215;1.1;0;2;0;1.39;NA
3523;59.14631;10.18357;0.2;0;2;0;0.01;NA
3526;59.68014;11.06414;0.2;0;2;0;0.91;NA
3528;59.87368;10.25261;0.1;0;2;0;0.06;NA
3529;58.47374;8.44511;0.1;0;2;1;NA;NA
3530;62.15877;10.2011;0;0;2;1;NA;NA
3535;63.09487;7.88404;0;0;2;1;NA;NA
3538;62.65627;8.63703;0;0;2;1;NA;NA
3540;59.15691;10.21891;0.1;0;2;0;1.04;NA
3542;58.24654;8.04485;0;0;2;1;NA;NA
3554;61.08108;11.34904;0;0;2;1;NA;NA
3557;66.20854;13.05571;0;0;2;1;NA;NA
3566;58.50207;8.86609;0.1;0;2;1;NA;NA
3569;63.81317;9.70951;0;0;2;1;NA;NA
3581;58.77158;5.87935;0;0;2;1;NA;NA
3585;59.2;9.6;0.2;0;2;0;1.34;NA
3588;59.04994;10.08558;0.1;0;2;0;0.32;NA
3600;59.56345;10.26662;0.3;0;2;0;0.11;NA
3601;60.71889;10.59565;0.2;0;2;1;NA;NA
3602;63.53488;10.82178;0;0;2;1;NA;NA
3604;59.08487;5.99875;0;0;2;1;NA;NA
3606;60.52802;5.14452;0;0;2;1;NA;NA
3618;60.46122;5.3431;0;0;2;1;NA;NA
3620;62.74949;7.2197;0;0;2;1;NA;NA
3622;59.85899;10.78959;0;0;2;0;2.04;NA
3633;62.2807;5.81788;0;0;2;1;NA;NA
3642;59.80407;10.26666;0.1;0;2;0;0.03;NA
3645;58.85743;5.7433;0;0;2;1;NA;NA
3649;58.66593;6.71779;0.2;0;2;1;NA;NA
3651;61.72192;10.82451;0;0;2;1;NA;NA
3661;58.82016;9.38443;0.2;0;2;0;1.87;NA
3664;59.27308;11.05799;0.1;0;2;0;0.21;NA
3673;58.82058;5.71263;0;0;2;1;NA;NA
3686;63.70517;11.19999;0;0;2;1;NA;NA
3688;62.59841;9.67862;0;0;2;1;NA;NA
3691;63.77175;9.68775;0;0;2;1;NA;NA
3693;58.77795;5.676;0;0;2;1;NA;NA
3697;58.99413;5.73244;0.1;0;2;1;NA;NA
3699;59.71857;10.16368;0.3;0;2;0;0;NA
3700;63.71283;11.33883;0;0;2;1;NA;NA
3703;62.33516;7.3597;0;0;2;1;NA;NA
3706;59.25589;11.19229;0.1;0;2;0;0.03;NA
3714;61.11661;5.29115;0;0;2;1;NA;NA
3715;59.00597;9.73752;0.2;0;2;0;0.01;NA
3717;51.04608;13.65557;0;0;2;1;NA;NA
3719;60.10289;11.02048;0.2;0;2;0;0.01;NA
3725;59.40131;10.4801;0.3;0;2;0;0.13;NA
3729;59.92046;10.65791;0.2;0;2;0;0.36;NA
3730;59.27289;10.45779;0.2;0;2;0;0.05;NA
3733;60.31294;5.28233;0;0;2;1;NA;NA
3736;63.41231;10.4491;0;0;2;1;NA;NA
3758;58.94501;6.10234;0;0;2;1;NA;NA
3759;58.28916;6.67206;0;0;2;1;NA;NA
3765;62.42712;6.40101;0;0;2;1;NA;NA
3766;58.82686;5.75198;0;0;2;1;NA;NA
3768;63.76239;11.35779;0;0;2;1;NA;NA
3776;58.98534;5.61042;0;0;2;1;NA;NA
3781;58.28742;6.67266;0;0;2;1;NA;NA
3786;58.32835;7.0096;0;0;2;1;NA;NA
3787;62.58182;7.94685;0;0;2;1;NA;NA
3789;59.71227;11.05188;0.2;0;2;0;1.78;NA
3795;62.37518;6.58451;0;0;2;1;NA;NA
3799;59.75615;9.82901;0.7;0;2;0;0.11;NA
3800;62.79767;8.49388;0;0;2;1;NA;NA
3801;59.21603;10.89612;0.2;0;2;0;0.47;NA
3808;62.76602;8.32882;0;0;2;1;NA;NA
3812;59.13873;10.27593;0.2;0;2;0;0.28;NA
3813;59.26058;10.45523;0.2;0;2;0;0.02;NA
3816;58.14986;7.92774;0;0;2;1;NA;NA
3818;58.42335;6.01118;0;0;2;1;NA;NA
3819;58.25888;8.3996;0.1;0;2;1;NA;NA
3821;59.96393;10.00746;0.4;0;2;0;0.12;NA
3830;59.35494;5.27859;0;0;2;1;NA;NA
3840;58.4523;5.96901;0.3;0;2;1;NA;NA
3842;60.01145;10.93056;0.1;0;2;0;0.02;NA
3843;59.9027;10.77777;0;0;2;0;3.22;NA
3845;60.53644;9.03823;0.5;0;2;1;NA;NA
3852;58.38524;7.74729;0;0;2;1;NA;NA
3853;59.4163;5.4045;0;0;2;1;NA;NA
3854;58.63818;6.09658;0;0;2;1;NA;NA
3858;59.71632;8.15048;0.6;0;2;1;NA;NA
3861;59.54999;11.19955;0.2;0;2;0;0.66;NA
3866;59.92019;10.73801;0.2;0;2;0;0.7;NA
3867;59.11621;10.39137;0;0;2;0;3.47;NA
3868;62.37825;6.03277;0;0;2;1;NA;NA
3869;59.90003;10.77802;0.1;0;2;0;0.2;NA
3872;58.71255;9.20155;0.1;0;2;1;NA;NA
3873;60.34524;5.39252;0;0;2;1;NA;NA
3877;63.78885;11.66384;0;0;2;1;NA;NA
3887;63.74647;11.31489;0;0;2;1;NA;NA
3888;68.75331;17.78597;0;0;2;1;NA;NA
3889;58.99752;5.6824;0.1;0;2;1;NA;NA
3896;58.70341;6.82335;0.3;0;2;1;NA;NA
3899;59.93589;10.96692;0.1;0;2;0;1.33;NA
3900;59.39295;11.46874;0.2;0;2;0;0.85;NA
3911;62.90581;8.19867;0;0;2;1;NA;NA
3924;59.50337;6.39923;0;0;2;1;NA;NA
3928;61.1;7.4737;0;0;2;1;NA;NA
3933;60.63144;8.12788;0.6;0;2;1;NA;NA
3936;62.25109;5.78356;0;0;2;1;NA;NA
3942;62.34691;5.86314;0;0;2;1;NA;NA
3948;59.8789;10.78644;0.1;0;2;0;0.45;NA
3949;61.76712;4.87849;0;0;2;1;NA;NA
3953;60.3258;5.2833;0;0;2;1;NA;NA
3954;58.72666;5.66435;0;0;2;1;NA;NA
3957;60.24693;5.25842;0;0;2;1;NA;NA
3963;59.13775;5.90401;0;0;2;1;NA;NA
3968;58.77161;5.67519;0;0;2;1;NA;NA
3973;58.70146;5.78753;0;0;2;1;NA;NA
3977;59.72564;9.01934;0.3;0;2;7;3.87;NA
3983;69.29777;18.26401;0;0;2;1;NA;NA
3990;59.85287;10.81723;0.1;0;2;0;0.88;NA
3991;59.58827;11.14325;0.3;0;2;0;0.14;NA
3993;59.70679;10.84536;0.1;0;2;0;0.03;NA
3995;59.24736;10.93178;0.2;0;2;0;0.17;NA
3998;59.74245;10.5987;0;0;2;5;4.07;NA
4002;59.68223;9.6532;0.6;0;2;0;0.49;NA
4003;66.22317;13.61504;0;0;2;1;NA;NA
4005;59.10078;9.68455;0.6;0;2;0;2.35;NA
4006;62.9175;7.42618;0;0;2;1;NA;NA
4014;60.65502;10.63829;0.1;0;2;1;NA;NA
4015;61.91109;6.72653;0;0;2;1;NA;NA
4020;61.96522;11.53862;0;0;2;1;NA;NA
4027;62.32301;5.62806;0;0;2;1;NA;NA
4035;61.89229;11.24975;0;0;2;1;NA;NA
4046;58.86003;5.73936;0;0;2;1;NA;NA
4047;59.80082;10.80306;0;0;2;0;1.97;NA
4051;60.72523;10.61707;0.1;0;2;1;NA;NA
4054;58.43437;8.74153;0;0;2;1;NA;NA
4055;59.24731;10.99727;0.1;0;2;0;0.3;NA
4060;60.76936;11.13719;0;0;2;1;NA;NA
4062;59.29405;11.09319;0.1;0;2;0;0.1;NA
4076;67.28697;14.59817;0;0;2;1;NA;NA
4079;58.26374;8.37362;0.1;0;2;1;NA;NA
4080;61.90116;6.69621;0;0;2;1;NA;NA
4094;63.43714;10.60009;0;0;2;1;NA;NA
4110;59.07883;9.67497;0.7;0;2;5;4.05;NA
4117;59.6633;10.6297;0.1;0;2;0;0.04;NA
4124;59.757;10.03146;0.2;0;2;0;1.15;NA
4135;67.27646;14.3672;0;0;2;1;NA;NA
4150;62.73457;8.53125;0;0;2;1;NA;NA
4153;60.20735;5.07316;0.3;0;2;1;NA;NA
4157;61.93815;5.11643;0;0;2;1;NA;NA
4163;60.46992;5.07552;0;0;2;1;NA;NA
4165;60.39269;5.22092;0;0;2;1;NA;NA
4166;59.95;10.75;1;0;2;13;NA;NA
4167;61.4487;5.82922;0;0;2;1;NA;NA
4173;59.81608;10.78853;0;0;2;0;1.97;NA
4181;63.04917;7.58452;0;0;2;1;NA;NA
4188;59.12853;11.18182;0;0;2;5;4.17;NA
4196;58.59511;6.17534;0;0;2;1;NA;NA
4209;60.3911;5.3247;0;0;2;1;NA;NA
4210;59.9831;11.03363;0.1;0;2;0;1.03;NA
4214;62.40351;6.60102;0;0;2;1;NA;NA
4215;61.02836;9.82556;0.1;0;2;1;NA;NA
4217;58.59554;6.18578;0;0;2;1;NA;NA
4226;63.78971;11.5588;0;0;2;1;NA;NA
4227;60.84409;10.16656;0;0;2;1;NA;NA
4229;61.51133;5.72783;0;0;2;1;NA;NA
4230;59.22938;10.91875;0.1;0;2;0;0.19;NA
4232;60.30259;5.27131;0;0;2;1;NA;NA
4236;59.22384;10.89962;0.1;0;2;0;0.1;NA
4240;62.74358;7.19135;0;0;2;1;NA;NA
4248;60.20296;5.48794;0;0;2;1;NA;NA
4263;58.09237;7.0342;0;0;2;1;NA;NA
4268;60.34192;5.28206;0;0;2;1;NA;NA
4270;59.79766;5.68469;0;0;2;1;NA;NA
4276;59.67352;10.81032;0.1;0;2;0;0.01;NA
4279;63.11116;7.74943;0;0;2;1;NA;NA
4286;59.35386;10.46039;0.3;0;2;0;0;NA
4294;59.67452;5.93272;0;0;2;1;NA;NA
4301;58.82236;5.75976;0;0;2;1;NA;NA
4302;60.45906;6.75397;0;0;2;1;NA;NA
4308;62.29725;5.7951;0;0;2;1;NA;NA
4315;58.97847;9.66366;0.5;0;2;0;2.27;NA
4318;60.38674;5.35048;0;0;2;1;NA;NA
4319;59.96449;10.7436;0.2;0;2;0;0.08;NA
4323;59.42317;10.38453;0.2;0;2;0;0.78;NA
4325;58.24501;8.37393;0;0;2;1;NA;NA
4327;62.35077;5.75748;0;0;2;1;NA;NA
4329;59.13774;9.59784;0.2;0;2;0;0.8;NA
4332;67.99089;15.63342;0;0;2;1;NA;NA
4333;58.16319;8.03399;0.1;0;2;1;NA;NA
4337;60.35699;5.07739;0;0;2;1;NA;NA
4340;58.94995;5.68553;0;0;2;1;NA;NA
4342;60.1036;5.21615;0.2;0;2;1;NA;NA
4347;58.123;8.09425;0;0;2;1;NA;NA
4359;59.67328;10.7053;0.1;0;2;0;0.03;NA
4364;60.46585;5.31632;0;0;2;1;NA;NA
4367;59.14703;9.66392;0.2;0;2;0;0.95;NA
4372;59.41715;10.65868;0.1;0;2;0;0.62;NA
4377;59.66086;10.65146;0.3;0;2;4;NA;NA
4382;59.2085;10.07872;0.5;0;2;0;0.12;NA
4385;59.54031;10.74417;0.2;0;2;0;0.07;NA
4387;63.79437;11.46934;0;0;2;1;NA;NA
4388;59.53003;5.87081;0;0;2;1;NA;NA
4398;58.46008;8.74622;0;0;2;1;NA;NA
4401;58.91001;5.73131;0;0;2;1;NA;NA
4403;60.15422;10.25156;0.5;0;2;0;0.24;NA
4406;63.43068;10.34664;0;0;2;1;NA;NA
4411;59.02708;6.04608;0;0;2;1;NA;NA
4412;58.94863;5.73055;0.1;0;2;1;NA;NA
4413;68.83452;17.07016;0;0;2;1;NA;NA
4421;58.93544;5.7199;0;0;2;1;NA;NA
4423;60.86856;8.54213;0.7;0;2;1;NA;NA
4424;58.24193;6.64048;0;0;2;1;NA;NA
4427;62.74294;7.2268;0;0;2;1;NA;NA
4429;58.40134;8.70233;0;0;2;1;NA;NA
4433;59.13813;11.04016;0;0;2;5;5.15;NA
4434;58.8579;9.57701;0;0;2;5;10.19;NA
4437;63.77228;11.4825;0;0;2;1;NA;NA
4438;59.22665;11.01371;0.1;0;2;0;0.12;NA
4439;59.68709;10.70307;0.1;0;2;0;0.01;NA
4447;60.35044;5.37814;0;0;2;1;NA;NA
4458;60.4705;11.0285;0.1;0;2;7;2.76;NA
4459;63.74913;10.08777;0;0;2;1;NA;NA
4462;58.956;5.6306;0;0;2;1;NA;NA
4466;60.30143;5.3399;0;0;2;1;NA;NA
4469;59.64535;6.79907;0;0;2;1;NA;NA
4470;59.95475;10.85411;0.1;0;2;0;0.01;NA
4471;58.77475;5.87994;0.1;0;2;1;NA;NA
4476;60.84989;11.2019;0;0;2;1;NA;NA
4483;58.06804;6.96014;0;0;2;1;NA;NA
4485;66.37162;12.36001;0;0;2;1;NA;NA
4487;60.3468;5.38191;0;0;2;1;NA;NA
4492;60.24047;5.82973;0;0;2;1;NA;NA
4493;58.94712;5.57248;0;0;2;1;NA;NA
4495;60.34518;6.37508;0;0;2;1;NA;NA
4496;59.47892;10.86585;0.3;0;2;0;0.26;NA
4498;59.94435;10.64434;0.3;0;2;0;0.57;NA
4500;59.9264;10.87759;0;0;2;0;2.17;NA
4503;59.96534;11.00778;0.1;0;2;0;1.17;NA
4508;60.31518;5.28667;0;0;2;1;NA;NA
4514;62.38;6.56981;0;0;2;1;NA;NA
4522;58.9189;6.8984;0.1;0;2;1;NA;NA
4526;61.45365;5.89938;0;0;2;1;NA;NA
4532;59.76343;10.81157;0.1;0;2;0;0.41;NA
4534;58.14379;7.97888;0;0;2;1;NA;NA
4535;60.393;5.3242;0.1;0;2;1;NA;NA
4537;60.43903;6.77841;0;0;2;1;NA;NA
4539;66.58736;12.23604;0;0;2;1;NA;NA
4542;60.36478;5.9773;0;0;2;1;NA;NA
4546;60.24992;11.33959;0.1;0;2;0;1.06;NA
4547;65.47087;12.14601;0;0;2;1;NA;NA
4551;59.0101;5.65559;0.1;0;2;1;NA;NA
4558;58.94822;5.73029;0;0;2;1;NA;NA
4563;59.84466;10.81207;0.1;0;2;0;0.87;NA
4567;59.90858;10.80148;0;0;2;0;2.94;NA
4570;59.87288;11.56108;0.1;0;2;0;0.49;NA
4579;58.6523;7.93697;0.2;0;2;1;NA;NA
4581;58.9784;5.71861;0.1;0;2;1;NA;NA
4584;62.53538;7.69644;0;0;2;1;NA;NA
4587;59.84655;5.76715;0;0;2;1;NA;NA
4591;58.73139;5.63251;0;0;2;1;NA;NA
4593;59.17591;10.93407;0.1;0;2;0;0;NA
4595;59.93883;10.99547;0;0;2;0;0.94;NA
4602;59.38504;5.29855;0;0;2;1;NA;NA
4604;59.07543;10.04594;0.3;0;2;0;0.62;NA
4611;59.94674;5.98327;0;0;2;1;NA;NA
4612;59.12428;11.415;0.4;0;2;0;1.83;NA
4613;63.01628;7.39825;0;0;2;1;NA;NA
4621;59.07284;10.04655;0.2;0;2;0;0.01;NA
4627;58.16778;8.02039;0.1;0;2;1;NA;NA
4630;60.25377;12.05903;0.2;0;2;7;0.91;NA
4635;60.35371;5.372;0;0;2;1;NA;NA
4651;62.77466;8.05338;0;0;2;1;NA;NA
4659;59.64319;5.88166;0;0;2;1;NA;NA
4664;59.92901;10.63006;0.3;0;2;0;1.03;NA
4665;60.9348;5.13475;0;0;2;1;NA;NA
4670;59.98546;8.72722;0.6;0;2;1;NA;NA
4673;61.48914;6.06902;0;0;2;1;NA;NA
4676;68.01658;15.327;0;0;2;1;NA;NA
4677;59.0836;10.26138;0.2;0;2;0;0.94;NA
4678;58.297;6.6607;0;0;2;1;NA;NA
4682;58.94503;9.13815;0.3;0;2;0;1.65;NA
4685;62.32776;5.9693;0;0;2;1;NA;NA
4689;61.09933;7.48319;0;0;2;1;NA;NA
4690;62.18076;6.19118;0;0;2;1;NA;NA
4697;60.3492;5.38733;0;0;2;1;NA;NA
4707;61.05752;7.81602;0;0;2;1;NA;NA
4710;59.78135;10.22525;0.1;0;2;0;0.37;NA
4715;59.14696;10.22228;0.2;0;2;0;0.02;NA
4717;59.7355;10.33109;0.1;0;2;0;0;NA
4725;60.1338;10.28689;0.4;0;2;0;0;NA
4726;60.41578;5.2158;0;0;2;1;NA;NA
4727;59.94592;11.04437;0;0;2;0;0.57;NA
4729;62.86315;7.18178;0;0;2;1;NA;NA
4732;58.86181;5.76222;0.1;0;2;1;NA;NA
4734;59.18696;9.63274;0.7;0;2;0;2.84;NA
4745;59.11458;10.2488;0.1;0;2;0;0.11;NA
4746;60.00484;10.926;0;0;2;5;4.32;NA
4747;59.86353;10.53429;0;0;2;13;NA;NA
4750;60.14205;11.25031;0.2;0;2;0;0.3;NA
4762;59.02321;9.71314;0.1;0;2;0;1.18;NA
4763;59.18362;5.99991;0;0;2;1;NA;NA
4765;58.86185;5.71642;0;0;2;1;NA;NA
4769;59.49827;5.91328;0;0;2;1;NA;NA
4775;59.93941;10.6459;0.1;0;2;0;0.59;NA
4783;59.27533;10.4881;0.2;0;2;0;0.03;NA
4785;58.73613;5.73563;0;0;2;1;NA;NA
4786;58.18606;6.79054;0;0;2;1;NA;NA
4792;63.5991;8.98567;0;0;2;1;NA;NA
4796;59.88897;9.92267;0.3;0;2;0;0.02;NA
4800;62.75632;7.28329;0;0;2;1;NA;NA
4805;60.39437;11.22511;0.4;0;2;0;1.89;NA
4823;62.74271;7.15871;0;0;2;1;NA;NA
4831;60.20282;12.01365;0.1;0;2;7;1.12;NA
4836;64.01989;11.46715;0;0;2;1;NA;NA
4847;63.31017;10.16474;0;0;2;1;NA;NA
4849;59.22477;10.27672;0.3;0;2;0;0.03;NA
4851;59.15052;5.2737;0;0;2;1;NA;NA
4853;59.76186;10.47494;0;0;2;0;3.73;NA
4855;59.37286;8.47296;0.9;0;2;1;NA;NA
4869;62.77489;8.54015;0;0;2;1;NA;NA
4871;58.93867;5.5851;0;0;2;1;NA;NA
4873;60.8364;8.69393;0.3;0;2;1;NA;NA
4875;58.9636;5.60725;0;0;2;1;NA;NA
4878;59.84183;10.8291;0;0;2;0;1.46;NA
4886;59.13228;9.63645;0.3;0;2;0;0;NA
4908;59.86407;11.0941;0;0;2;0;0.1;NA
4910;59.24838;10.35468;0.5;0;2;0;1.52;NA
4911;59.048;9.66352;0.2;0;2;0;0.08;NA
4914;59.89487;10.85257;0;0;2;0;1.65;NA
4916;62.72735;7.42146;0;0;2;1;NA;NA
4917;62.90152;11.85317;0;0;2;1;NA;NA
4925;65.46494;12.18454;0;0;2;1;NA;NA
4929;67.2897;14.4191;0;0;2;1;NA;NA
4930;60.93556;10.70452;0;0;2;1;NA;NA
4931;59.13353;11.40545;0;0;2;5;5.13;NA
4936;59.22998;10.74296;0.1;0;2;0;0.05;NA
4941;60.3335;5.21428;0.1;0;2;1;NA;NA
4943;59.72176;10.81674;0.2;0;2;0;1.26;NA
4946;59.04671;8.46855;0.3;0;2;1;NA;NA
4956;66.90687;14.14522;0;0;2;1;NA;NA
4958;59.93883;10.59325;0.3;0;2;0;0.4;NA
4969;58.9617;5.70664;0.1;0;2;1;NA;NA
4970;59.95264;5.62814;0;0;2;1;NA;NA
4985;67.30655;14.42684;0;0;2;1;NA;NA
4987;59.41195;10.47985;0.1;0;2;0;2.02;NA
4994;59.75101;10.03857;0;0;2;8;NA;NA
4997;58.14986;8.07146;0;0;2;1;NA;NA
5003;60.35249;5.33211;0;0;2;1;NA;NA
5009;59.87169;10.77097;0.1;0;2;0;0.41;NA
5015;63.32514;8.58162;0;0;2;1;NA;NA
5017;68.31045;13.8617;0;0;2;1;NA;NA
5021;59.67354;9.67715;0.7;0;2;0;0.11;NA
5027;63.42535;10.74694;0;0;2;1;NA;NA
5030;59.81874;10.42403;0.1;0;2;0;0.05;NA
5036;60.40694;5.22241;0;0;2;1;NA;NA
5037;66.24313;14.03122;0;0;2;1;NA;NA
5039;59.28663;5.22173;0;0;2;1;NA;NA
5041;58.85242;5.57274;0;0;2;1;NA;NA
5044;59.75023;8.8632;0.3;0;2;1;NA;NA
5045;59.28872;10.42164;0.3;0;2;0;0;NA
5046;59.92435;10.99412;0;0;2;0;0.78;NA
5049;60.47808;4.94102;0;0;2;1;NA;NA
5053;62.55236;6.25929;0;0;2;1;NA;NA
5057;59.35224;10.46325;0.2;0;2;0;0.41;NA
5060;61.03852;7.64454;0;0;2;1;NA;NA
5063;59.93589;10.66589;0.3;0;2;0;1.01;NA
5070;60.18504;5.46251;0;0;2;1;NA;NA
5089;60.74221;10.98046;0;0;2;1;NA;NA
5095;67.29075;14.57113;0;0;2;1;NA;NA
5101;59.28416;10.75018;0.2;0;2;0;0.09;NA
5102;68.69927;15.45686;0;0;2;1;NA;NA
5106;58.45458;6.55368;0;0;2;1;NA;NA
5107;59.01361;6.96716;0.1;0;2;1;NA;NA
5108;60.33158;5.25308;0;0;2;1;NA;NA
5111;59.4956;9.96975;0.8;0;2;0;0.04;NA
5112;59.0503;10.00576;0.1;0;2;0;0.67;NA
5113;62.29194;6.6613;0;0;2;1;NA;NA
5122;59.01901;6.96552;0.1;0;2;1;NA;NA
5125;59.66662;10.78234;0;0;2;5;5.61;NA
5129;58.50203;5.79035;0;0;2;1;NA;NA
5132;60.0933;10.12058;0.3;0;2;0;1.17;NA
5133;59.8223;10.41982;0.1;0;2;0;0.05;NA
5134;58.45359;6.55759;0;0;2;1;NA;NA
5137;62.59533;6.44628;0;0;2;1;NA;NA
5144;58.15367;8.0669;0;0;2;1;NA;NA
5145;59.78509;10.69594;0;0;2;0;3.31;NA
5153;62.01321;5.10499;0;0;2;1;NA;NA
5158;59.19725;10.87053;0;0;2;5;4.32;NA
5172;58.44323;8.72746;0;0;2;1;NA;NA
5187;60.61213;8.28215;0.8;0;2;1;NA;NA
5198;68.7883;17.17524;0;0;2;1;NA;NA
5199;59.2656;5.32588;0;0;2;1;NA;NA
5200;59.90935;10.5317;0.1;0;2;0;0.25;NA
5208;58.73493;5.64731;0;0;2;1;NA;NA
5213;63.34526;10.35239;0;0;2;1;NA;NA
5217;63.28453;9.84171;0;0;2;1;NA;NA
5219;63.43057;10.47632;0;0;2;1;NA;NA
5225;59.92094;5.32865;0.1;0;2;1;NA;NA
5227;58.54942;6.49133;0;0;2;1;NA;NA
5237;60.28416;5.26638;0;0;2;1;NA;NA
5238;58.70828;6.37064;0.2;0;2;1;NA;NA
5257;59.14163;10.1791;0.2;0;2;0;0.01;NA
5268;59.90992;5.29981;0.2;0;2;1;NA;NA
5277;61.97877;5.13302;0;0;2;1;NA;NA
5291;59.21395;9.49972;0.3;0;2;0;0.27;NA
5296;64.46152;12.07839;0;0;2;1;NA;NA
5301;61.37878;5.81691;0;0;2;1;NA;NA
5304;59.28335;10.35188;0.7;0;2;0;2.45;NA
5309;63.35558;9.28732;0;0;2;1;NA;NA
5314;63.93135;10.01825;0;0;2;1;NA;NA
5316;61.91011;6.71334;0;0;2;1;NA;NA
5317;60.85668;6.49127;0;0;2;1;NA;NA
5318;67.2838;14.37693;0;0;2;1;NA;NA
5330;60.17351;10.3364;0.7;0;2;0;0.38;NA
5331;59.53274;9.84322;0.6;0;2;0;0.61;NA
5333;60.26931;5.34986;0;0;2;1;NA;NA
5337;63.34465;10.36176;0;0;2;1;NA;NA
5341;60.33203;5.26402;0;0;2;1;NA;NA
5366;61.98855;5.07387;0;0;2;1;NA;NA
5368;59.98517;11.26002;0;0;2;0;0.51;NA
5370;59.92102;10.9483;0;0;2;0;1.03;NA
5371;59.62065;10.48599;0.6;0;2;5;4.06;NA
5373;64.55759;11.26386;0;0;2;1;NA;NA
5378;59.20772;10.13872;0.5;0;2;0;0.44;NA
5379;58.41974;6.0093;0;0;2;1;NA;NA
5384;60.43473;5.28836;0;0;2;1;NA;NA
5385;58.95944;5.62014;0;0;2;1;NA;NA
5389;60.62166;8.52682;0.2;0;2;1;NA;NA
5392;59.88935;10.81181;0.1;0;2;0;0.55;NA
5393;60.42248;5.47487;0;0;2;1;NA;NA
5398;59.04586;9.68037;0.2;0;2;0;0.09;NA
5400;59.82034;10.44249;0.1;0;2;4;NA;NA
5405;59.29232;5.21346;0.1;0;2;1;NA;NA
5411;60.37138;5.35053;0;0;2;1;NA;NA
5419;59.41595;5.25779;0;0;2;1;NA;NA
5423;63.47732;10.84439;0;0;2;1;NA;NA
5425;60.71786;8.31902;0.2;0;2;1;NA;NA
5429;59.67617;10.36434;0.4;0;2;0;0.14;NA
5433;58.09827;6.76898;0;0;2;1;NA;NA
5444;60.37107;5.30604;0;0;2;1;NA;NA
5447;68.93077;15.0484;0;0;2;1;NA;NA
5449;58.04203;7.44689;0;0;2;1;NA;NA
5454;62.46882;6.30931;0;0;2;1;NA;NA
5455;58.95714;5.68792;0;0;2;1;NA;NA
5465;60.54043;5.06309;0;0;2;1;NA;NA
5467;58.95258;5.69928;0;0;2;1;NA;NA
5468;60.33637;5.3391;0;0;2;1;NA;NA
5470;62.91113;11.88999;0;0;2;1;NA;NA
5473;59.89958;10.56375;0;0;2;13;NA;NA
5474;58.72058;9.22848;0.1;0;2;1;NA;NA
5477;59.943;10.6044;0.2;0;2;0;0.01;NA
5486;59.4402;8.84194;0.6;0;2;1;NA;NA
5502;68.79341;16.56202;0;0;2;1;NA;NA
5507;66.77661;15.63029;0;0;2;1;NA;NA
5509;60.27263;10.1926;0.1;0;2;8;NA;NA
5516;61.3173;7.20057;0;0;2;1;NA;NA
5519;62.40311;6.57987;0;0;2;1;NA;NA
5521;61.57401;5.88168;0;0;2;1;NA;NA
5524;62.63973;6.81779;0;0;2;1;NA;NA
5532;68.23409;14.55577;0;0;2;1;NA;NA
5545;60.35971;5.22924;0;0;2;1;NA;NA
5546;66.31223;14.23603;0;0;2;1;NA;NA
5549;60.01844;11.05431;0.2;0;2;0;2.36;NA
5551;59.53398;5.87271;0;0;2;1;NA;NA
5561;58.17321;7.85972;0.1;0;2;1;NA;NA
5564;60.3731;5.6652;0;0;2;1;NA;NA
5566;61.86729;6.07983;0;0;2;1;NA;NA
5570;58.99171;5.76679;0.1;0;2;1;NA;NA
5574;58.97178;5.60727;0;0;2;1;NA;NA
5576;63.88776;11.40019;0;0;2;1;NA;NA
5579;62.66904;8.54028;0;0;2;1;NA;NA
5589;62.29666;7.23609;0;0;2;1;NA;NA
5597;60.08795;10.99357;0;0;2;8;NA;NA
5605;58.87003;9.4073;0.4;0;2;0;0.01;NA
5606;62.46146;6.29093;0;0;2;1;NA;NA
5617;59.08397;10.42698;0;0;2;0;2.63;NA
5618;60.48056;5.73843;0;0;2;1;NA;NA
5619;68.23698;13.75223;0;0;2;1;NA;NA
5622;63.05797;11.52951;0;0;2;1;NA;NA
5627;65.82037;13.21644;0;0;2;1;NA;NA
5633;58.85899;5.6429;0;0;2;1;NA;NA
5649;60.35457;5.12491;0;0;2;1;NA;NA
5650;59.25231;10.38922;0.4;0;2;0;0.71;NA
5654;59.86524;10.21325;0.1;0;2;0;0.06;NA
5657;68.77769;16.56111;0;0;2;1;NA;NA
5659;60.33332;5.31778;0;0;2;1;NA;NA
5669;59.95;10.75;0;0;2;13;NA;NA
5678;64.03789;11.48943;0;0;2;1;NA;NA
5690;67.28002;14.38283;0;0;2;1;NA;NA
5691;58.44458;8.75003;0.1;0;2;1;NA;NA
5711;62.98259;8.73082;0;0;2;1;NA;NA
5720;59.91271;10.82327;0;0;2;0;2.66;NA
5730;59.96143;11.04768;0;0;2;0;0.74;NA
5734;59.75716;10.4666;0.1;0;2;0;0.08;NA
5738;62.34662;5.60159;0;0;2;1;NA;NA
5745;66.25423;13.97802;0;0;2;1;NA;NA
5746;60.74504;4.89171;0;0;2;1;NA;NA
5752;60.35465;5.37245;0;0;2;1;NA;NA
5762;60.34547;5.11535;0;0;2;1;NA;NA
5763;60.34677;6.39912;0;0;2;1;NA;NA
5764;58.77184;5.85272;0;0;2;1;NA;NA
5770;60.77207;10.70229;0.1;0;2;1;NA;NA
5771;60.39126;5.32205;0;0;2;1;NA;NA
5778;59.93737;11.01679;0;0;2;0;0.73;NA
5780;59.02657;6.04479;0;0;2;1;NA;NA
5790;58.78122;6.32134;0.1;0;2;1;NA;NA
5799;60.33979;5.19681;0;0;2;1;NA;NA
5800;59.13826;10.18733;0.3;0;2;0;0.52;NA
5801;68.50167;17.54339;0;0;2;1;NA;NA
5805;58.14645;6.83098;0;0;2;1;NA;NA
5809;61.9395;8.02832;0;0;2;1;NA;NA
5811;59.89234;10.53219;0.2;0;2;0;0.43;NA
5814;58.13613;7.93065;0;0;2;1;NA;NA
5816;61.15999;8.03117;0.1;0;2;1;NA;NA
5817;63.56672;9.18449;0;0;2;1;NA;NA
5818;69.70154;18.97578;0;0;2;1;NA;NA
5822;59.9853;11.25362;0;0;2;0;0.49;NA
5823;61.42025;10.38154;0;0;2;1;NA;NA
5825;59.01188;5.63909;0.1;0;2;1;NA;NA
5826;59.22054;9.60375;0.4;0;2;0;0.1;NA
5828;58.08988;6.61937;0;0;2;1;NA;NA
5830;58.83752;5.73492;0;0;2;1;NA;NA
5833;59.37989;10.75316;0.1;0;2;0;0.47;NA
5834;58.68699;5.58326;0;0;2;1;NA;NA
5841;61.9307;5.07857;0;0;2;1;NA;NA
5843;62.66693;9.21701;0;0;2;1;NA;NA
5848;58.68783;7.7764;0.2;0;2;1;NA;NA
5850;63.37971;7.79452;0;0;2;1;NA;NA
5853;63.42548;10.42548;0;0;2;1;NA;NA
5854;60.4284;7.269;0;0;2;1;NA;NA
5856;59.90154;10.75286;0.1;0;2;0;0.1;NA
5859;60.31374;5.36737;0;0;2;1;NA;NA
5864;59.00547;5.65684;0.1;0;2;1;NA;NA
5865;59.9436;10.9345;0.1;0;2;0;0.84;NA
5870;58.82285;5.75907;0;0;2;1;NA;NA
5871;63.42922;10.16825;0;0;2;1;NA;NA
5882;59.39734;9.97287;0.6;0;2;0;0.45;NA
5888;59.76215;10.45167;0;0;2;0;3.78;NA
5895;67.28422;14.81659;0;0;2;1;NA;NA
5897;58.72224;9.0737;0.1;0;2;1;NA;NA
5900;63.79984;11.1902;0;0;2;1;NA;NA
5901;60.48323;5.25872;0;0;2;1;NA;NA
5902;63.72161;11.2763;0;0;2;1;NA;NA
5904;68.4356;17.4372;0;0;2;1;NA;NA
5905;60.46003;5.33347;0;0;2;1;NA;NA
5906;59.19849;10.44972;0.1;0;2;0;0.03;NA
5914;63.38512;10.34224;0;0;2;1;NA;NA
5929;59.26294;10.36378;0.4;0;2;0;0.21;NA
5932;59.78444;5.40033;0.1;0;2;1;NA;NA
5934;58.85791;9.38229;0.2;0;2;0;1.78;NA
5939;58.77764;5.82491;0;0;2;1;NA;NA
5941;59.69212;9.81497;0.7;0;2;0;0.45;NA
5944;58.11024;6.95894;0;0;2;1;NA;NA
5945;62.5747;11.3842;0;0;2;1;NA;NA
5953;59.2803;10.42158;0.4;0;2;0;0.52;NA
5954;59.19845;9.57283;0.2;0;2;0;0.86;NA
5960;59.65966;6.38687;0;0;2;1;NA;NA
5961;59.27492;9.27841;0.4;0;2;0;0.06;NA
5966;60.53022;8.48197;0.6;0;2;1;NA;NA
5968;59.07209;11.46069;0.2;0;2;0;0.68;NA
5978;59.92035;10.97059;0.1;0;2;0;1.7;NA
5981;60.42251;4.99499;0;0;2;1;NA;NA
5982;58.43136;6.00762;0;0;2;1;NA;NA
5986;58.80893;6.25378;0;0;2;1;NA;NA
5988;58.2745;7.98055;0.1;0;2;1;NA;NA
5990;60.44747;12.0716;0.1;0;2;7;NA;NA
5995;63.42779;10.75733;0;0;2;1;NA;NA
5996;59.73345;11.03002;0.1;0;2;0;0.47;NA
5998;59.71817;10.7996;0.2;0;2;0;1.05;NA
6004;59.6523;9.66958;0;0;2;13;NA;NA
6005;62.34539;6.07076;0;0;2;1;NA;NA
6011;61.18426;6.80567;0;0;2;1;NA;NA
6019;59.78592;10.47271;0.1;0;2;0;0.1;NA
6021;66.52386;13.1782;0;0;2;1;NA;NA
6024;59.80344;10.82324;0.1;0;2;0;0.8;NA
6025;60.34337;5.27031;0;0;2;1;NA;NA
6034;63.11786;7.75478;0;0;2;1;NA;NA
6036;59.29589;5.23048;0;0;2;1;NA;NA
6041;58.34306;6.28078;0;0;2;1;NA;NA
6042;58.97771;5.71053;0.1;0;2;1;NA;NA
6043;59.5842;9.7865;0.7;0;2;0;0.46;NA
6045;58.93186;5.59715;0;0;2;1;NA;NA
6049;59.27742;10.42232;0.1;0;2;0;2.17;NA
6056;60.84852;11.26876;0;0;2;1;NA;NA
6057;59.01548;9.78709;0.2;0;2;0;0.01;NA
6062;59.54027;9.56041;0.8;0;2;0;0.03;NA
6065;61.59134;5.0524;0;0;2;1;NA;NA
6067;59.26221;10.36691;0.3;0;2;0;0.01;NA
6084;64.18651;11.22754;0;0;2;1;NA;NA
6085;58.79381;5.68628;0;0;2;1;NA;NA
6088;59.84742;10.49465;0.1;0;2;0;0;NA
6093;61.24229;7.71925;0;0;2;1;NA;NA
6107;60.36877;5.36919;0;0;2;1;NA;NA
6111;60.4221;10.5043;0.3;0;2;7;1.13;NA
6116;59.99263;10.91127;0;0;2;5;4.3;NA
6117;59.20605;10.81168;0.1;0;2;0;0.02;NA
6126;58.423;8.72925;0.1;0;2;1;NA;NA
6127;59.3773;10.46436;0.2;0;2;0;0.22;NA
6129;61.47869;6.06014;0;0;2;1;NA;NA
6139;58.50166;5.80115;0;0;2;1;NA;NA
6143;60.07344;10.99537;0.1;0;2;8;NA;NA
6149;67.03878;14.02548;0;0;2;1;NA;NA
6153;59.93868;10.83041;0.1;0;2;4;NA;NA
6155;58.31118;6.67721;0;0;2;1;NA;NA
6158;60.469;7.07701;0;0;2;1;NA;NA
6160;58.897;5.7161;0;0;2;1;NA;NA
6164;69.0833;17.1833;0;0;2;1;NA;NA
6168;59.93098;10.49051;0.1;0;2;0;0.82;NA
6169;60.29896;5.30281;0;0;2;1;NA;NA
6170;59.81678;5.34194;0.2;0;2;1;NA;NA
6172;59.82208;10.32309;0.1;0;2;0;0.02;NA
6176;59.89617;10.5066;0.1;0;2;0;0.22;NA
6181;58.96415;5.70952;0;0;2;1;NA;NA
6184;60.00232;5.14418;0.2;0;2;1;NA;NA
6201;58.82323;5.75114;0;0;2;1;NA;NA
6202;59.99853;5.49171;0.3;0;2;1;NA;NA
6208;59.82229;10.32369;0;0;2;5;4.07;NA
6218;60.46767;5.22453;0;0;2;1;NA;NA
6226;58.73739;5.73573;0;0;2;1;NA;NA
6228;62.85122;8.52136;0;0;2;1;NA;NA
6231;59.57976;11.14482;0.3;0;2;0;0.02;NA
6232;66.77348;15.63099;0;0;2;1;NA;NA
6236;59.12272;5.74795;0.1;0;2;1;NA;NA
6240;63.4018;10.35421;0;0;2;1;NA;NA
6244;59.1837;9.60199;0.5;0;2;0;0.99;NA
6248;68.6523;15.4588;0;0;2;1;NA;NA
6252;59.00081;5.60975;0;0;2;1;NA;NA
6255;61.18003;8.11375;0;0;2;1;NA;NA
6256;61.8715;8.30781;0;0;2;1;NA;NA
6258;59.50268;5.57924;0.1;0;2;1;NA;NA
6262;59.44861;10.68221;0.2;0;2;0;0.01;NA
6264;58.94759;5.57525;0;0;2;1;NA;NA
6265;59.04678;9.7642;0.4;0;2;0;0.98;NA
6273;58.94653;5.70531;0;0;2;1;NA;NA
6275;58.99282;5.76087;0;0;2;1;NA;NA
6282;60.28263;5.26972;0;0;2;1;NA;NA
6285;59.95491;10.48966;0.1;0;2;0;1.74;NA
6287;67.10094;15.39855;0;0;2;1;NA;NA
6288;61.45852;5.82373;0;0;2;1;NA;NA
6294;59.1292;10.24786;0.1;0;2;0;0.23;NA
6300;60.08493;10.09962;1.3;0;2;5;7.91;NA
6313;59.44006;10.43662;0.3;0;2;0;0.01;NA
6314;58.41695;8.06551;0.2;0;2;1;NA;NA
6324;63.65875;11.13867;0;0;2;1;NA;NA
6326;59.64543;11.25422;0.2;0;2;0;0.06;NA
6329;58.1878;8.0364;0.1;0;2;1;NA;NA
6340;60.08671;11.47386;0.1;0;2;0;0;NA
6346;60.64884;10.85778;0.3;0;2;1;NA;NA
6348;62.56;6.04819;0;0;2;1;NA;NA
6364;60.44108;5.17127;0;0;2;1;NA;NA
6366;63.4305;10.3951;0;0;2;1;NA;NA
6368;59.98513;11.0318;0;0;2;0;1.57;NA
6369;59.60222;11.00228;0.1;0;2;0;1.97;NA
6381;60.32008;5.26989;0;0;2;1;NA;NA
6384;59.60966;9.78703;0.9;0;2;0;0.17;NA
6392;62.09614;6.16352;0;0;2;1;NA;NA
6393;62.55639;7.70484;0;0;2;1;NA;NA
6396;62.43695;6.26117;0;0;2;1;NA;NA
6398;60.08992;6.11177;0;0;2;1;NA;NA
6405;58.36903;8.64429;0;0;2;1;NA;NA
6408;59.89816;10.83255;0;0;2;0;2.03;NA
6411;60.43459;5.46638;0;0;2;1;NA;NA
6413;58.33345;6.2233;0;0;2;1;NA;NA
6417;67.27915;14.40727;0;0;2;1;NA;NA
6419;63.41757;10.37016;0;0;2;1;NA;NA
6427;59.02176;6.05643;0;0;2;1;NA;NA
6428;63.53326;10.79065;0;0;2;1;NA;NA
6442;58.90358;5.72707;0;0;2;1;NA;NA
6444;63.4995;11.14722;0.1;0;2;1;NA;NA
6450;59.99845;10.2805;0;0;2;8;NA;NA
6452;59.2134;11.01392;0;0;2;5;4.02;NA
6453;63.05951;7.51064;0;0;2;1;NA;NA
6457;66.01547;12.95403;0;0;2;1;NA;NA
6460;58.82901;5.81879;0;0;2;1;NA;NA
6473;62.74013;7.14349;0;0;2;1;NA;NA
6478;58.96335;5.74452;0;0;2;1;NA;NA
6479;59.94044;5.48346;0.2;0;2;1;NA;NA
6480;58.91325;5.67594;0;0;2;1;NA;NA
6487;63.42283;10.4882;0;0;2;1;NA;NA
6489;59.63829;5.39057;0.1;0;2;1;NA;NA
6496;61.90962;5.99152;0;0;2;1;NA;NA
6497;67.15511;13.97643;0;0;2;1;NA;NA
6498;63.1198;7.72604;0;0;2;1;NA;NA
6501;58.83582;5.77439;0;0;2;1;NA;NA
6505;60.30523;5.32144;0;0;2;1;NA;NA
6506;59.47877;5.74001;0.1;0;2;1;NA;NA
6508;59.04069;5.75205;0.2;0;2;1;NA;NA
6509;59.90724;10.85543;0;0;2;0;1.88;NA
6513;59.86995;8.71029;0.4;0;2;1;NA;NA
6516;62.40965;6.55524;0;0;2;1;NA;NA
6519;62.41242;6.31805;0;0;2;1;NA;NA
6523;58.34563;7.9792;0.1;0;2;1;NA;NA
6527;58.88072;5.65911;0;0;2;1;NA;NA
6530;62.46388;6.84872;0;0;2;1;NA;NA
6543;59.90999;10.57545;0.2;0;2;0;0.29;NA
6545;59.90223;10.53778;0.2;0;2;0;0.3;NA
6550;58.83901;5.77062;0;0;2;1;NA;NA
6551;59.74783;10.14752;0.2;0;2;0;0;NA
6553;63.56939;10.67344;0;0;2;1;NA;NA
6554;58.62247;9.06083;0;0;2;1;NA;NA
6557;59.46319;10.96454;0.3;0;2;0;0.13;NA
6558;59.84199;9.58286;0.6;0;2;0;0.09;NA
6562;59.65604;9.64381;0;0;2;13;NA;NA
6563;62.20384;6.13363;0;0;2;1;NA;NA
6566;60.38816;5.2225;0;0;2;1;NA;NA
6567;59.81453;10.46594;0.1;0;2;0;0.08;NA
6569;59.78803;10.47585;0;0;2;0;3.62;NA
6571;60.92537;11.78055;0;0;2;1;NA;NA
6575;60.68208;4.94063;0;0;2;1;NA;NA
6578;59.26379;10.42323;0.4;0;2;0;0.95;NA
6584;65.907;13.1739;0;0;2;1;NA;NA
6586;59.08464;5.97307;0;0;2;1;NA;NA
6592;62.47262;6.32794;0;0;2;1;NA;NA
6593;59.45546;9.02989;0.2;0;2;7;2.51;NA
6598;59.90147;10.75288;0.2;0;2;0;1.51;NA
6610;67.27749;14.39874;0;0;2;1;NA;NA
6615;60.76853;10.69139;0.2;0;2;1;NA;NA
6618;58.9694;5.7233;0;0;2;1;NA;NA
6629;59.48715;8.63225;0.5;0;2;1;NA;NA
6637;65.86973;13.19733;0;0;2;1;NA;NA
6638;58.13632;8.17365;0;0;2;1;NA;NA
6639;59.74396;10.76945;0.2;0;2;0;1.38;NA
6640;58.97604;5.74836;0.1;0;2;1;NA;NA
6650;59.92857;10.76068;0.6;0;2;5;8.55;NA
6651;58.92876;5.84002;0;0;2;1;NA;NA
6655;59.37224;5.24676;0;0;2;1;NA;NA
6658;62.27791;5.87843;0;0;2;1;NA;NA
6659;60.34689;6.16763;0;0;2;1;NA;NA
6661;61.06058;5.65457;0;0;2;1;NA;NA
6674;58.52724;5.79302;0;0;2;1;NA;NA
6679;58.92158;5.85072;0;0;2;1;NA;NA
6683;60.30483;6.29173;0;0;2;1;NA;NA
6692;58.29994;6.63903;0.1;0;2;1;NA;NA
6695;59.77634;10.29132;0.2;0;2;0;0.83;NA
6697;60.48111;5.73688;0;0;2;1;NA;NA
6702;59.86847;10.79275;0;0;2;0;2.12;NA
6703;59.97705;11.26253;0;0;2;0;0.41;NA
6704;60.38646;5.80026;0;0;2;1;NA;NA
6705;67.66133;12.69063;0;0;2;1;NA;NA
6706;58.60627;8.96573;0;0;2;1;NA;NA
6707;58.11245;7.96648;0;0;2;1;NA;NA
6709;59.2858;10.4181;0.4;0;2;0;0.39;NA
6711;61.09537;10.50005;0;0;2;1;NA;NA
6712;58.9701;5.7333;0;0;2;1;NA;NA
6718;60.00581;11.337;0.1;0;2;0;1.5;NA
6724;59.19435;9.54519;0;0;2;13;NA;NA
6727;58.15653;8.01303;0.1;0;2;1;NA;NA
6730;67.23505;14.59924;0;0;2;1;NA;NA
6731;60.09221;10.28857;0.2;0;2;0;1.1;NA
6732;58.84346;5.7665;0;0;2;1;NA;NA
6733;58.85543;5.72269;0;0;2;1;NA;NA
6742;59.16166;8.62849;0;0;2;1;NA;NA
6744;59.22823;10.89798;0;0;2;13;NA;NA
6747;58.33406;8.57377;0;0;2;1;NA;NA
6749;60.92172;8.43098;0.4;0;2;1;NA;NA
6755;60.40355;5.47909;0;0;2;1;NA;NA
6763;59.73392;10.13034;0;0;2;13;NA;NA
6769;61.10212;7.49016;0;0;2;1;NA;NA
6772;61.31814;5.80056;0;0;2;1;NA;NA
6777;63.34541;9.97168;0;0;2;1;NA;NA
6780;60.20408;5.62325;0;0;2;1;NA;NA
6782;62.80867;8.72579;0;0;2;1;NA;NA
6783;59.48463;7.42019;0.6;0;2;1;NA;NA
6785;62.89126;7.68228;0;0;2;1;NA;NA
6788;66.33407;14.15525;0;0;2;1;NA;NA
6789;61.18734;6.85177;0;0;2;1;NA;NA
6793;59.52119;10.68775;0.3;0;2;0;0;NA
6796;59.01837;6.04269;0;0;2;1;NA;NA
6800;59.93974;10.73304;0;0;2;13;NA;NA
6803;60.17454;5.45672;0;0;2;1;NA;NA
6807;59.89081;5.29113;0.2;0;2;1;NA;NA
6813;59.73256;10.91263;0.1;0;2;0;0.25;NA
6816;59.82823;10.26028;0.1;0;2;0;0.03;NA
6822;63.30871;10.43771;0;0;2;1;NA;NA
6830;59.9219;10.54891;0.2;0;2;0;0.06;NA
6835;69.18283;19.05006;0;0;2;1;NA;NA
6839;60.52105;5.31504;0;0;2;1;NA;NA
6840;60.41635;5.20585;0;0;2;1;NA;NA
6843;59.79446;5.14506;0.1;0;2;1;NA;NA
6857;58.74011;6.79115;0.4;0;2;1;NA;NA
6863;60.02656;9.16874;1;0;2;7;0.01;NA
6870;60.33513;11.29895;0.2;0;2;0;0.14;NA
6880;59.90742;10.57287;0.1;0;2;0;0.13;NA
6881;69.95225;23.21837;0;0;2;1;NA;NA
6884;60.03553;5.20506;0.1;0;2;1;NA;NA
6885;60.17584;10.32665;0.6;0;2;0;0.08;NA
6886;62.4723;6.1549;0;0;2;1;NA;NA
6893;59.99497;11.02327;0.1;0;2;0;0.63;NA
6896;60.24287;11.18725;0.1;0;2;0;0.88;NA
6899;59.38258;10.40395;0.3;0;2;0;0.14;NA
6900;60.35773;5.36386;0;0;2;1;NA;NA
6903;58.83383;5.7244;0;0;2;1;NA;NA
6905;59.27552;6.01013;0;0;2;1;NA;NA
6918;60.31456;5.33657;0;0;2;1;NA;NA
6927;59.72516;10.20744;0.2;0;2;0;0.12;NA
6932;60.4761;5.46916;0;0;2;1;NA;NA
6933;60.37357;5.34285;0;0;2;1;NA;NA
6935;63.59069;10.96209;0;0;2;1;NA;NA
6939;59.30447;5.51594;0.1;0;2;1;NA;NA
6940;62.56289;7.15899;0;0;2;1;NA;NA
6945;68.67718;17.12583;0;0;2;1;NA;NA
6946;60.65577;6.44197;0;0;2;1;NA;NA
6949;60.29549;5.04695;0;0;2;1;NA;NA
6951;60.47922;5.69183;0;0;2;1;NA;NA
6953;59.0533;10.0352;1.2;0;2;13;NA;NA
6963;62.34007;6.04039;0;0;2;1;NA;NA
6967;59.18877;11.20988;0.1;0;2;0;0.25;NA
6968;59.94418;10.7746;0;0;2;13;NA;NA
6970;58.73972;5.93647;0;0;2;1;NA;NA
6977;63.05701;8.24088;0;0;2;1;NA;NA
6984;58.18917;8.03543;0.2;0;2;1;NA;NA
6985;59.4934;9.97009;0.3;0;2;5;6.37;NA
6986;59.7344;10.31236;0.1;0;2;0;0.04;NA
6992;62.53182;7.69459;0;0;2;1;NA;NA
6993;59.92381;10.67177;0.2;0;2;0;0.34;NA
6995;62.71245;7.42267;0;0;2;1;NA;NA
7001;63.45109;10.46212;0;0;2;1;NA;NA
7002;59.93259;5.86605;0;0;2;1;NA;NA
7012;63.42909;10.55221;0;0;2;1;NA;NA
7014;59.99191;10.62782;0.4;0;2;0;0.1;NA
7015;60.25369;5.43805;0.1;0;2;1;NA;NA
7021;58.76773;5.87251;0;0;2;1;NA;NA
7022;59.61964;9.68098;0.6;0;2;0;0.64;NA
7023;58.82671;5.71364;0;0;2;1;NA;NA
7026;60.48418;5.75083;0;0;2;1;NA;NA
7030;59.96256;10.78246;0.1;0;2;0;0.1;NA
7032;60.81863;11.34875;0;0;2;1;NA;NA
7033;60.34761;5.3712;0;0;2;1;NA;NA
7037;59.51099;10.28463;0.3;0;2;0;0.19;NA
7040;61.13818;10.45211;0;0;2;1;NA;NA
7044;63.29458;10.28135;0;0;2;1;NA;NA
7052;60.15231;10.37299;0.8;0;2;0;0.75;NA
7061;59.90203;10.53641;0.1;0;2;0;0.14;NA
7067;59.01618;5.59726;0;0;2;1;NA;NA
7077;60.46688;5.33231;0;0;2;1;NA;NA
7079;60.33571;5.25164;0;0;2;1;NA;NA
7083;60.55036;5.73545;0;0;2;1;NA;NA
7088;63.44693;10.954;0;0;2;1;NA;NA
7094;59.9432;11.00992;0.1;0;2;0;1.7;NA
7101;59.94999;11.02232;0;0;2;0;0.79;NA
7102;58.2936;7.0349;0;0;2;1;NA;NA
7103;62.4667;6.15;0;0;2;1;NA;NA
7105;59.80094;5.49463;0.1;0;2;1;NA;NA
7109;59.00422;9.74108;0.1;0;2;0;1.11;NA
7116;59.21534;10.13441;0.4;0;2;0;0.01;NA
7120;59.76091;5.46897;0.1;0;2;1;NA;NA
7123;68.54517;16.76513;0;0;2;1;NA;NA
7126;58.92494;5.8494;0;0;2;1;NA;NA
7129;59.39438;5.30194;0;0;2;1;NA;NA
7130;60.15219;5.3985;0;0;2;1;NA;NA
7132;59.8086;10.44383;0.1;0;2;0;0.08;NA
7133;59.0476;5.7013;0.1;0;2;1;NA;NA
7136;58.77583;5.85005;0;0;2;1;NA;NA
7138;59.05703;5.93133;0.1;0;2;1;NA;NA
7141;60.32077;5.35302;0;0;2;1;NA;NA
7142;59.07427;10.3044;0;0;2;0;3.75;NA
7144;59.14757;5.23976;0;0;2;1;NA;NA
7146;59.9211;10.94479;0;0;2;0;1.06;NA
7147;63.67582;9.66289;0;0;2;1;NA;NA
7149;59.16268;10.32004;0.1;0;2;0;0.15;NA
7152;62.15146;6.1291;0;0;2;1;NA;NA
7154;62.5442;6.56728;0;0;2;1;NA;NA
7156;59.75637;10.4626;0;0;2;0;3.79;NA
7162;58.10354;6.72425;0;0;2;1;NA;NA
7164;61.48479;6.06685;0;0;2;1;NA;NA
7167;59.61252;5.8222;0;0;2;1;NA;NA
7171;60.393;5.3242;0;0;2;1;NA;NA
7172;59.4173;11.35973;0.3;0;2;0;0;NA
7180;65.75291;12.57648;0;0;2;1;NA;NA
7183;68.21418;14.48771;0;0;2;1;NA;NA
7184;59.53187;10.6856;0.2;0;2;0;0.43;NA
7186;59.56333;11.09003;0.2;0;2;0;1.04;NA
7187;59.90856;10.78794;0.1;0;2;0;0.17;NA
7188;59.90731;10.63709;0.2;0;2;0;0.53;NA
7190;68.76115;17.14914;0;0;2;1;NA;NA
7191;60.75865;11.08002;0;0;2;1;NA;NA
7194;59.65178;10.80753;0.3;0;2;0;0.58;NA
7203;62.30019;6.70373;0;0;2;1;NA;NA
7207;61.36952;11.81022;0;0;2;1;NA;NA
7208;61.91886;5.15688;0;0;2;1;NA;NA
7213;59.68286;10.65627;0.1;0;2;0;0.02;NA
7214;60.40847;5.20646;0;0;2;1;NA;NA
7221;60.36445;5.33794;0;0;2;1;NA;NA
7223;58.92295;5.7273;0.1;0;2;1;NA;NA
7225;62.52134;9.60775;0;0;2;1;NA;NA
7227;64.12337;10.12418;0;0;2;1;NA;NA
7228;62.46764;6.37901;0;0;2;1;NA;NA
7231;63.20365;10.94503;0;0;2;1;NA;NA
7233;60.44043;5.45912;0;0;2;1;NA;NA
7245;58.22997;7.02254;0;0;2;1;NA;NA
7247;60.59343;5.36431;0;0;2;1;NA;NA
7251;59.43002;11.00097;0.3;0;2;0;0.35;NA
7252;60.34353;5.35092;0;0;2;1;NA;NA
7260;62.8076;7.68571;0;0;2;1;NA;NA
7263;70.43337;28.24512;0;0;2;1;NA;NA
7274;59.1716;10.85048;0.1;0;2;0;0.01;NA
7280;60.96662;9.19106;0.1;0;2;1;NA;NA
7282;62.33926;5.84649;0;0;2;1;NA;NA
7284;59.22834;10.10634;0.7;0;2;0;1.23;NA
7285;60.33554;5.26714;0;0;2;1;NA;NA
7287;59.91416;10.79481;0.2;0;2;0;1.68;NA
7290;59.8311;9.31177;0.7;0;2;0;0.76;NA
7293;59.41248;10.27895;0.7;0;2;0;0.83;NA
7306;58.37412;6.59093;0;0;2;1;NA;NA
7308;60.06628;8.95081;0.5;0;2;1;NA;NA
7310;60.8064;10.68491;0.1;0;2;1;NA;NA
7311;59.96915;11.05529;0;0;2;0;0.83;NA
7317;60.87735;11.129;0;0;2;1;NA;NA
7319;60.46;5.3726;0;0;2;1;NA;NA
7322;60.3798;5.1562;0;0;2;1;NA;NA
7330;59.55036;10.28865;0.7;0;2;5;4.11;NA
7331;59.29283;10.75639;0.2;0;2;0;0.08;NA
7332;62.46204;6.32653;0;0;2;1;NA;NA
7338;59.10535;10.22162;0.1;0;2;0;0.16;NA
7339;59.13765;10.17241;0.3;0;2;0;0.39;NA
7341;58.78586;5.70796;0;0;2;1;NA;NA
7342;58.47374;6.00935;0;0;2;1;NA;NA
7347;61.22415;10.4396;0;0;2;1;NA;NA
7348;66.33459;14.10446;0;0;2;1;NA;NA
7351;58.2123;8.25067;0;0;2;1;NA;NA
7355;63.56616;10.69556;0;0;2;1;NA;NA
7367;59.11635;10.24475;0.1;0;2;0;0.14;NA
7369;62.17176;5.43846;0;0;2;1;NA;NA
7370;59.79604;5.52814;0;0;2;1;NA;NA
7380;59.07998;10.20183;0.1;0;2;0;0.03;NA
7382;61.04281;9.85192;0.2;0;2;1;NA;NA
7383;62.34282;5.6951;0;0;2;1;NA;NA
7388;60.32639;5.00555;0.1;0;2;1;NA;NA
7389;61.60503;5.14096;0;0;2;1;NA;NA
7390;68.82103;18.44434;0;0;2;1;NA;NA
7392;62.45097;6.3501;0;0;2;1;NA;NA
7395;59.87253;10.80095;0.1;0;2;0;0.61;NA
7401;60.46274;5.29773;0;0;2;1;NA;NA
7402;59.94527;10.7464;0.2;0;2;0;0.29;NA
7403;59.39668;10.36378;0.4;0;2;0;0.01;NA
7405;63.32154;10.13845;0;0;2;1;NA;NA
7412;63.58056;9.51207;0;0;2;1;NA;NA
7415;61.21171;7.13214;0;0;2;1;NA;NA
7421;63.4274;10.36296;0;0;2;1;NA;NA
7426;59.32834;10.68303;0.2;0;2;0;0.02;NA
7429;59.15039;5.24437;0.1;0;2;1;NA;NA
7432;63.30949;10.43802;0;0;2;1;NA;NA
7433;63.76346;11.75239;0;0;2;1;NA;NA
7435;58.02794;7.42822;0;0;2;1;NA;NA
7439;59.90438;10.81567;0.1;0;2;0;0.4;NA
7442;66.36045;12.5713;0;0;2;1;NA;NA
7443;65.88453;12.27489;0;0;2;1;NA;NA
7448;59.90822;10.78717;0;0;2;0;3.23;NA
7452;60.72764;9.35679;0.5;0;2;1;NA;NA
7455;61.52934;10.12967;0;0;2;1;NA;NA
7458;59.82638;10.32445;0.1;0;2;0;0.02;NA
7463;60.46245;5.35674;0;0;2;1;NA;NA
7467;59.78997;5.51336;0;0;2;1;NA;NA
7468;58.07836;7.97963;0;0;2;1;NA;NA
7470;59.92321;10.62321;0.1;0;2;0;0.23;NA
7475;63.3878;10.3551;0;0;2;1;NA;NA
7485;63.40549;8.98481;0;0;2;1;NA;NA
7490;59.51907;5.27526;0;0;2;1;NA;NA
7494;59.84733;10.82323;0;0;2;0;1.54;NA
7499;65.49484;12.23719;0;0;2;1;NA;NA
7500;58.66392;6.71985;0.2;0;2;1;NA;NA
7511;60.24282;5.20845;0;0;2;1;NA;NA
7516;58.43604;8.77937;0;0;2;1;NA;NA
7531;59.17597;11.1148;0.1;0;2;0;0.1;NA
7534;61.12565;9.09296;0.3;0;2;1;NA;NA
7536;59.42648;5.39395;0.1;0;2;1;NA;NA
7539;63.58343;9.92265;0;0;2;1;NA;NA
7543;60.33002;5.69325;0;0;2;1;NA;NA
7548;63.36118;10.38627;0;0;2;1;NA;NA
7551;59.65682;10.64295;0.1;0;2;0;0.04;NA
7554;59.93784;10.60066;0.2;0;2;0;0;NA
7557;62.57795;6.11767;0;0;2;1;NA;NA
7559;58.9459;5.57658;0;0;2;1;NA;NA
7564;61.45863;5.82334;0;0;2;1;NA;NA
7565;62.07571;5.54121;0;0;2;1;NA;NA
7570;59.81546;5.52303;0.1;0;2;1;NA;NA
7575;62.24046;6.008;0;0;2;1;NA;NA
7576;58.84464;5.7082;0;0;2;1;NA;NA
7578;63.47734;10.95771;0;0;2;1;NA;NA
7585;59.88586;10.51031;0.1;0;2;0;0.12;NA
7586;59.85963;5.74121;0;0;2;1;NA;NA
7587;58.68592;5.7667;0;0;2;1;NA;NA
7593;62.38612;6.55205;0;0;2;1;NA;NA
7602;61.32904;7.85549;0;0;2;1;NA;NA
7607;58.99201;9.66246;0.1;0;2;0;1.38;NA
7610;60.35756;5.34503;0;0;2;1;NA;NA
7613;59.7945;5.71459;0.1;0;2;1;NA;NA
7615;59.78076;10.79218;0;0;2;0;2.46;NA
7619;60.31645;5.07725;0;0;2;1;NA;NA
7621;59.29602;5.42894;0;0;2;1;NA;NA
7626;63.11215;7.74612;0;0;2;1;NA;NA
7631;63.32943;8.43835;0;0;2;1;NA;NA
7633;67.29457;14.81732;0;0;2;1;NA;NA
7634;63.72652;9.70633;0;0;2;1;NA;NA
7636;59.73796;10.40517;0;0;2;5;4.1;NA
7638;59.24179;10.46224;0.2;0;2;0;0.03;NA
7643;67.29896;14.39813;0;0;2;1;NA;NA
7651;61.28645;5.0268;0;0;2;1;NA;NA
7658;60.59071;11.96209;0.2;0;2;1;NA;NA
7659;62.03808;5.53079;0;0;2;1;NA;NA
7661;58.11824;8.09085;0;0;2;1;NA;NA
7674;60.10629;10.85138;0.6;0;2;0;0.04;NA
7679;70.9821;25.9704;0;0;2;1;NA;NA
7681;59.16978;10.21514;0.3;0;2;0;0.14;NA
7693;58.73159;5.63999;0;0;2;1;NA;NA
7698;58.99615;5.68092;0.1;0;2;1;NA;NA
7699;62.90604;8.19573;0;0;2;1;NA;NA
7705;61.91916;5.15768;0;0;2;1;NA;NA
7707;59.22153;9.6024;0.3;0;2;0;0.09;NA
7708;61.12155;11.29473;0;0;2;1;NA;NA
7711;63.36377;10.38293;0;0;2;1;NA;NA
7713;59.32056;10.70264;0.1;0;2;0;0.58;NA
7727;60.57009;9.12073;0.9;0;2;1;NA;NA
7728;59.06117;8.72384;0;0;2;1;NA;NA
7729;60.65328;10.92537;0.1;0;2;1;NA;NA
7733;58.7801;5.67566;0;0;2;1;NA;NA
7735;59.11083;9.65277;0.5;0;2;0;1.13;NA
7743;60.30665;5.31398;0;0;2;1;NA;NA
7745;58.74542;9.20115;0.5;0;2;1;NA;NA
7747;60.00181;5.69623;0;0;2;1;NA;NA
7748;60.40815;5.47311;0;0;2;1;NA;NA
7754;59.07876;9.68803;0.7;0;2;5;4.1;NA
7764;60.39977;5.76319;0;0;2;1;NA;NA
7765;59.94948;10.76362;0.2;0;2;0;0.41;NA
7766;59.0611;8.72214;0.6;0;2;1;NA;NA
7781;60.47661;5.26046;0;0;2;1;NA;NA
7782;62.57426;11.37363;0;0;2;1;NA;NA
7785;60.27144;10.18981;0.3;0;2;0;3.2;NA
7787;59.93676;10.51125;0;0;2;5;8.35;NA
7789;60.37304;5.19998;0;0;2;1;NA;NA
7794;61.9086;8.06687;0;0;2;1;NA;NA
7797;63.47525;10.94432;0;0;2;1;NA;NA
7801;61.2477;8.90481;0.1;0;2;1;NA;NA
7804;58.15693;8.06877;0;0;2;1;NA;NA
7805;59.0508;10.03488;0.1;0;2;0;0.46;NA
7806;59.63251;6.25725;0;0;2;1;NA;NA
7807;64.03438;11.47599;0;0;2;1;NA;NA
7808;59.66292;10.37905;0.7;0;2;0;3.5;NA
7813;59.90474;10.78786;0.1;0;2;0;0.22;NA
7816;60.37118;6.16275;0;0;2;1;NA;NA
7819;60.12893;10.27771;0.5;0;2;0;0.41;NA
7821;59.94239;10.69622;0.3;0;2;0;1.14;NA
7822;59.29961;8.41924;0.5;0;2;1;NA;NA
7824;70.07555;29.76084;0;0;2;1;NA;NA
7827;59.94418;10.7746;0;0;2;13;NA;NA
7828;63.84022;11.38651;0;0;2;1;NA;NA
7830;59.73987;10.98879;0.1;0;2;0;0.54;NA
7832;59.55363;11.32484;0.4;0;2;0;0.37;NA
7834;67.0895;14.24634;0;0;2;1;NA;NA
7835;68.35079;16.80466;0;0;2;1;NA;NA
7839;59.00871;9.74183;0.2;0;2;0;0.02;NA
7846;63.3737;10.36877;0;0;2;1;NA;NA
7850;60.29809;5.32427;0;0;2;1;NA;NA
7853;62.33009;5.70222;0;0;2;1;NA;NA
7854;61.28655;10.09797;0;0;2;1;NA;NA
7863;58.96722;9.49903;0.4;0;2;0;0.19;NA
7865;63.52528;10.76763;0;0;2;1;NA;NA
7870;60.89791;10.93945;0;0;2;1;NA;NA
7874;61.35057;5.07306;0;0;2;1;NA;NA
7876;59.1247;11.3687;0.1;0;2;0;1;NA
7878;59.49043;11.65571;0.4;0;2;0;1.12;NA
7887;63.41848;10.42235;0;0;2;1;NA;NA
7892;59.22063;10.89012;0.2;0;2;0;0.42;NA
7900;66.03694;12.95712;0;0;2;1;NA;NA
7914;58.29835;8.53487;0;0;2;1;NA;NA
7916;60.73987;9.40915;0.3;0;2;1;NA;NA
7918;61.10634;9.91915;0;0;2;1;NA;NA
7921;59.88429;10.61598;0.1;0;2;0;0;NA
7927;59.71885;11.46055;0.1;0;2;0;0.41;NA
7932;63.01277;8.4682;0;0;2;1;NA;NA
7934;60.81281;11.05048;0;0;2;1;NA;NA
7937;60.33747;5.13632;0;0;2;1;NA;NA
7941;60.43409;5.23621;0;0;2;1;NA;NA
7945;58.84313;5.70561;0;0;2;1;NA;NA
7946;62.9077;6.96528;0;0;2;1;NA;NA
7949;59.52117;10.69856;0.3;0;2;0;0.02;NA
7950;63.42745;7.85033;0;0;2;1;NA;NA
7951;66.75463;15.46757;0;0;2;1;NA;NA
7958;60.32072;5.27833;0;0;2;1;NA;NA
7969;59.95449;10.75495;0.3;0;2;0;1.44;NA
7970;58.76881;5.84063;0;0;2;1;NA;NA
7976;60.22545;11.83517;0.2;0;2;7;0.23;NA
7982;60.93685;4.80963;0;0;2;1;NA;NA
7985;59.66318;10.63752;0.1;0;2;0;0.04;NA
7990;59.52464;10.47266;0.3;0;2;0;0.16;NA
7995;61.24622;12.04731;0;0;2;1;NA;NA
8002;62.73379;6.44282;0;0;2;1;NA;NA
8003;58.19726;8.0292;0.1;0;2;1;NA;NA
8006;59.57686;5.80852;0;0;2;1;NA;NA
8010;59.90947;10.78952;0.1;0;2;0;0.17;NA
8011;61.26594;10.43903;0;0;2;1;NA;NA
8013;59.28581;10.34296;0.4;0;2;0;0;NA
8014;59.89911;10.5052;0.1;0;2;0;0.25;NA
8024;59.7821;5.38906;0.1;0;2;1;NA;NA
8025;59.75896;9.95974;0.1;0;2;8;NA;NA
8026;66.99459;14.7218;0;0;2;1;NA;NA
8031;60.58918;4.79972;0;0;2;1;NA;NA
8038;60.45786;6.54462;0;0;2;1;NA;NA
8039;59.91564;10.95408;0;0;2;0;0.86;NA
8041;59.7402;10.33522;0.1;0;2;0;0;NA
8043;60.94993;10.61979;0;0;2;1;NA;NA
8044;59.81401;5.52183;0;0;2;1;NA;NA
8055;59.68112;9.65476;0.5;0;2;0;1.41;NA
8061;59.22906;11.08766;0.1;0;2;0;0.13;NA
8066;58.99088;9.65562;0.3;0;2;0;0.19;NA
8069;59.26164;10.74727;0.3;0;2;0;1.29;NA
8070;58.34704;6.2807;0;0;2;1;NA;NA
8071;59.92113;10.69426;0.3;0;2;0;1.95;NA
8075;59.22259;10.91146;0.2;0;2;0;0.36;NA
8077;63.7933;11.4817;0;0;2;1;NA;NA
8079;59.88149;10.77834;0;0;2;0;2.57;NA
8084;68.24078;14.59107;0;0;2;1;NA;NA
8085;61.75133;11.18153;0;0;2;1;NA;NA
8090;60.26498;5.10866;0.1;0;2;1;NA;NA
8092;68.69249;15.18323;0;0;2;1;NA;NA
8094;58.971;5.7306;0;0;2;1;NA;NA
8095;59.12043;9.9194;0.6;0;2;0;2.08;NA
8097;62.8005;8.75828;0;0;2;1;NA;NA
8103;60.16557;6.29336;0;0;2;1;NA;NA
8116;60.91053;9.55088;0.3;0;2;1;NA;NA
8119;63.09754;9.2886;0;0;2;1;NA;NA
8123;59.96149;10.9323;0.1;0;2;0;0.51;NA
8124;59.4138;5.268;0.2;0;2;1;NA;NA
8125;59.60342;9.75709;0.8;0;2;0;0;NA
8126;60.94787;7.10293;0;0;2;1;NA;NA
8128;60.56722;10.33672;0.3;0;2;1;NA;NA
8130;63.09522;7.84477;0;0;2;1;NA;NA
8137;59.90509;10.82335;0.1;0;2;0;0.45;NA
8141;58.89594;9.36755;0.5;0;2;0;0.84;NA
8146;59.15594;10.21707;0.2;0;2;0;0.01;NA
8148;59.6479;9.65768;1.4;0;2;5;4.31;NA
8166;59.71971;10.81465;0.1;0;2;0;0.04;NA
8169;60.7049;12.34538;0;0;2;1;NA;NA
8176;63.36291;10.39488;0;0;2;1;NA;NA
8178;61.93266;5.22168;0;0;2;1;NA;NA
8181;58.66424;5.64505;0;0;2;1;NA;NA
8188;60.05049;10.8571;0.4;0;2;0;0.69;NA
8194;61.14729;8.72389;0.4;0;2;1;NA;NA
8198;62.69673;7.66496;0;0;2;1;NA;NA
8203;59.41175;10.69652;0.2;0;2;0;0.04;NA
8206;60.93951;10.72561;0;0;2;1;NA;NA
8209;69.42123;18.99191;0;0;2;1;NA;NA
8217;59.47158;9.0099;0.8;0;2;7;3.14;NA
8219;63.41234;10.37819;0;0;2;1;NA;NA
8221;59.73099;10.30794;0.1;0;2;0;0.12;NA
8224;64.5937;10.95786;0;0;2;1;NA;NA
8226;60.64516;5.04503;0;0;2;1;NA;NA
8227;58.70635;5.65739;0;0;2;1;NA;NA
8228;58.92805;5.85049;0;0;2;1;NA;NA
8231;59.9327;10.91504;0;0;2;0;1.64;NA
8234;62.30036;5.74027;0;0;2;1;NA;NA
8235;60.46558;5.2891;0;0;2;1;NA;NA
8241;59.24356;10.47318;0.2;0;2;0;0.05;NA
8244;59.24147;11.68669;0.4;0;2;0;0;NA
8245;59.95;10.75;0;0;2;13;NA;NA
8248;60.39115;5.42892;0;0;2;1;NA;NA
8249;59.17696;10.90518;0;0;2;5;4.51;NA
8252;58.14509;8.01608;0;0;2;1;NA;NA
8260;60.45686;5.08534;0;0;2;1;NA;NA
8262;60.36382;5.18107;0;0;2;1;NA;NA
8265;59.01474;10.15903;0.1;0;2;0;0.04;NA
8282;58.59441;6.17988;0.1;0;2;1;NA;NA
8285;60.9412;10.69443;0;0;2;1;NA;NA
8289;59.96409;12.11428;0.1;0;2;7;2;NA
8294;60.52214;6.08035;0;0;2;1;NA;NA
8296;59.04966;10.01547;0.1;0;2;0;0.58;NA
8297;59.94271;10.72061;0.2;0;2;0;0.18;NA
8307;62.54324;6.56645;0;0;2;1;NA;NA
8311;58.1901;8.03268;0.1;0;2;1;NA;NA
8317;59.79788;10.80749;0;0;2;0;1.97;NA
8322;60.62225;10.60007;0.3;0;2;1;NA;NA
8326;60.3493;5.36405;0;0;2;1;NA;NA
8328;58.89798;9.29034;0.7;0;2;0;2.66;NA
8332;63.49764;9.11943;0;0;2;1;NA;NA
8337;59.14868;11.385;0.2;0;2;0;0;NA
8338;58.8221;5.70548;0;0;2;1;NA;NA
8340;61.66461;9.69284;0;0;2;1;NA;NA
8347;59.12935;9.64129;0.4;0;2;0;0.38;NA
8351;60.57014;5.46479;0;0;2;1;NA;NA
8352;59.59159;9.78646;0.8;0;2;0;0.14;NA
8354;60.31218;5.26572;0;0;2;1;NA;NA
8355;59.73059;11.06246;0;0;2;0;2.41;NA
8358;60.04343;9.55364;0.7;0;2;7;0.15;NA
8360;59.49681;5.87831;0;0;2;1;NA;NA
8363;60.18675;10.19847;0.6;0;2;0;0.73;NA
8368;58.03126;7.43691;0;0;2;1;NA;NA
8373;63.47695;10.92028;0;0;2;1;NA;NA
8374;59.95;10.75;0.1;0;2;0;0.16;NA
8375;58.46846;5.91976;0.2;0;2;1;NA;NA
8392;60.56637;9.10691;0.8;0;2;1;NA;NA
8393;64.24516;12.37372;0;0;2;1;NA;NA
8406;59.17687;5.84606;0.1;0;2;1;NA;NA
8413;58.7914;5.71709;0;0;2;1;NA;NA
8419;58.95649;5.63002;0;0;2;1;NA;NA
8421;58.25308;8.1684;0;0;2;1;NA;NA
8422;63.12701;7.81026;0;0;2;1;NA;NA
8425;59.10283;10.91513;0.1;0;2;0;0.08;NA
8432;58.27459;6.81554;0;0;2;1;NA;NA
8433;63.67847;10.65663;0;0;2;1;NA;NA
8461;59.7709;10.25011;0;0;2;8;NA;NA
8463;61.30827;12.25296;0;0;2;1;NA;NA
8468;60.08926;11.48196;0;0;2;5;4.01;NA
8477;59.93442;5.4521;0.2;0;2;1;NA;NA
8483;59.94765;11.00084;0;0;2;0;0.99;NA
8486;58.90061;9.55365;0;0;2;5;8.23;NA
8488;59.64202;9.67074;1.2;0;2;0;2.24;NA
8490;61.19217;7.62201;0;0;2;1;NA;NA
8493;60.38644;5.21118;0;0;2;1;NA;NA
8496;68.2362;14.56783;0;0;2;1;NA;NA
8497;59.87598;10.51751;0.1;0;2;0;0.03;NA
8500;60.87645;10.95949;0;0;2;1;NA;NA
8505;63.0079;7.57808;0;0;2;1;NA;NA
8506;60.47027;5.30343;0;0;2;1;NA;NA
8512;61.10657;10.44461;0;0;2;1;NA;NA
8514;63.51893;7.9607;0;0;2;1;NA;NA
8518;58.66608;5.63424;0;0;2;1;NA;NA
8521;59.05926;11.00404;0;0;2;5;4.36;NA
8527;60.16048;10.23152;0.4;0;2;0;0.03;NA
8529;60.718;11.1942;0;0;2;1;NA;NA
8530;63.10714;11.30122;0;0;2;1;NA;NA
8531;60.30033;5.34416;0;0;2;1;NA;NA
8533;59.60768;11.4392;0.4;0;2;0;0.89;NA
8534;58.85856;5.75882;0;0;2;1;NA;NA
8535;59.75866;10.84996;0;0;2;0;2.39;NA
8539;67.284;14.42078;0;0;2;1;NA;NA
8543;60.73475;8.70062;0.2;0;2;1;NA;NA
8544;60.37843;5.3278;0;0;2;1;NA;NA
8549;59.60328;6.36528;0;0;2;1;NA;NA
8552;60.73833;11.49497;0.2;0;2;1;NA;NA
8555;63.43245;10.5885;0;0;2;1;NA;NA
8560;59.2023;9.59656;0.4;0;2;0;0.03;NA
8563;59.95673;10.87293;0;0;2;0;3.96;NA
8566;60.52984;12.0003;0.1;0;2;1;NA;NA
8567;58.85073;5.7275;0;0;2;1;NA;NA
8568;59.89085;10.84491;0;0;2;0;1.69;NA
8572;59.39328;5.28723;0;0;2;1;NA;NA
8573;59.83503;11.12782;0;0;2;0;0.04;NA
8576;62.61928;6.21244;0;0;2;1;NA;NA
8577;69.01461;15.79218;0;0;2;1;NA;NA
8579;63.40439;10.35519;0;0;2;1;NA;NA
8581;59.70179;10.2734;0.4;0;2;0;0.71;NA
8584;59.81635;5.2602;0.2;0;2;1;NA;NA
8585;58.94566;9.13697;0.5;0;2;0;0;NA
8587;59.91203;10.94538;0.1;0;2;0;1.68;NA
8592;62.40927;6.55702;0;0;2;1;NA;NA
8608;58.17628;8.02817;0.1;0;2;1;NA;NA
8609;60.47107;12.0356;0.2;0;2;7;NA;NA
8613;59.92756;10.59435;0.1;0;2;0;0.48;NA
8614;63.22446;9.63036;0;0;2;1;NA;NA
8618;59.22777;10.10678;0.6;0;2;0;0.45;NA
8621;59.82791;10.69237;0.1;0;2;0;0.25;NA
8624;59.3956;5.37088;0;0;2;1;NA;NA
8627;60.88838;11.57861;0;0;2;1;NA;NA
8631;59.64143;11.13682;0;0;2;5;5.61;NA
8632;59.65524;10.72576;0.1;0;2;0;0.2;NA
8635;58.17573;8.02386;0.1;0;2;1;NA;NA
8639;58.72563;9.05937;0.1;0;2;1;NA;NA
8640;58.32926;6.98679;0.1;0;2;1;NA;NA
8653;59.49607;9.9919;0.7;0;2;0;0.05;NA
8655;58.44367;6.00509;0.5;0;2;1;NA;NA
8658;62.06257;6.21291;0;0;2;1;NA;NA
8661;60.86092;8.55396;3.9;0;2;1;NA;NA
8665;59.57667;10.25924;0.5;0;2;0;0.54;NA
8667;59.2135;10.94768;0.2;0;2;0;0.43;NA
8668;60.67263;11.3607;0.2;0;2;1;NA;NA
8669;62.66658;8.54091;0;0;2;1;NA;NA
8674;60.08215;11.4143;0.2;0;2;0;1.1;NA
8675;59.20685;10.36791;0.1;0;2;0;0.35;NA
8680;61.27963;10.36717;0;0;2;1;NA;NA
8682;63.20039;8.56409;0;0;2;1;NA;NA
8683;59.33017;10.48936;0.3;0;2;0;0.08;NA
8690;59.96733;10.8724;0.1;0;2;0;0.01;NA
8694;59.97468;9.99366;1;0;2;5;4.47;NA
8699;62.73783;11.06359;0;0;2;1;NA;NA
8702;58.38311;6.06801;0;0;2;1;NA;NA
8704;63.40135;10.3288;0;0;2;1;NA;NA
8710;68.78888;16.59566;0;0;2;1;NA;NA
8713;58.41512;6.01091;0;0;2;1;NA;NA
8721;60.53322;5.02621;0;0;2;1;NA;NA
8726;60.80752;11.07613;0;0;2;1;NA;NA
8728;62.60867;6.446;0;0;2;1;NA;NA
8729;58.46031;5.9841;0;0;2;1;NA;NA
8735;60.71412;11.83252;0.1;0;2;1;NA;NA
8739;60.84525;11.21483;0;0;2;1;NA;NA
8746;62.75334;8.62317;0;0;2;1;NA;NA
8753;63.09668;7.63778;0;0;2;1;NA;NA
8757;58.77151;5.64453;0;0;2;1;NA;NA
8759;58.34054;6.29704;0;0;2;1;NA;NA
8760;65.00107;11.69718;0;0;2;1;NA;NA
8768;60.2108;11.43568;0.3;0;2;0;0.74;NA
8771;59.94054;10.9937;0;0;2;0;0.97;NA
8772;59.76727;5.74977;0;0;2;1;NA;NA
8790;59.03877;10.06583;0.2;0;2;0;0.19;NA
8792;60.37986;5.64722;0;0;2;1;NA;NA
8800;59.80907;10.25582;0;0;2;5;4.14;NA
8812;60.03108;10.63967;0.4;0;2;0;0.79;NA
8815;69.0118;15.763;0;0;2;1;NA;NA
8822;69.97167;23.26389;0;0;2;1;NA;NA
8824;59.8346;10.26034;0;0;2;5;4.28;NA
8828;59.15028;5.25333;0.1;0;2;1;NA;NA
8829;59.53001;5.71971;0.1;0;2;1;NA;NA
8836;60.13424;10.31361;0.3;0;2;0;0.59;NA
8837;61.96528;5.50211;0;0;2;1;NA;NA
8839;60.4996;5.42863;0;0;2;1;NA;NA
8840;66.18949;13.48068;0;0;2;1;NA;NA
8841;59.19743;9.56986;0.3;0;2;0;0.04;NA
8847;60.38905;11.20064;0.1;0;2;0;0.77;NA
8849;59.90628;10.54744;0.2;0;2;0;0.26;NA
8850;60.44723;5.17117;0;0;2;1;NA;NA
8851;61.08489;11.28698;0;0;2;1;NA;NA
8855;59.24197;9.5736;0.4;0;2;0;0;NA
8863;62.25546;5.47556;0;0;2;1;NA;NA
8867;59.74592;10.76508;0.2;0;2;0;1.36;NA
8872;60.44026;5.22396;0;0;2;1;NA;NA
8874;59.06477;5.93831;0.1;0;2;1;NA;NA
8879;59.46336;11.65257;0.7;0;2;0;0.24;NA
8880;59.26607;11.14421;0.1;0;2;0;0.05;NA
8883;60.3911;5.3247;0.5;0;2;1;NA;NA
8888;58.87975;5.67565;0;0;2;1;NA;NA
8892;62.01472;7.7739;0.5;0;2;1;NA;NA
8893;58.27648;8.50517;0;0;2;1;NA;NA
8899;59.38807;5.26866;0;0;2;1;NA;NA
8911;62.0667;6.3333;0;0;2;1;NA;NA
8912;67.29202;14.45644;0;0;2;1;NA;NA
8913;59.29065;5.46832;0.1;0;2;1;NA;NA
8914;60.5566;5.74636;0;0;2;1;NA;NA
8918;60.68163;10.81541;0.2;0;2;1;NA;NA
8922;62.62494;9.49363;0;0;2;1;NA;NA
8923;63.77082;9.80445;0;0;2;1;NA;NA
8929;60.3158;5.2558;0;0;2;1;NA;NA
8931;59.17717;11.66956;0.1;0;2;5;4.29;NA
8937;60.8;11.1;0.1;0;2;1;NA;NA
8938;60.15157;11.15342;0.1;0;2;0;0.43;NA
8940;60.3911;5.3247;0.1;0;2;1;NA;NA
8941;58.84342;5.77495;0;0;2;1;NA;NA
8950;59.95649;5.99489;0;0;2;1;NA;NA
8959;65.89598;13.1261;0;0;2;1;NA;NA
8962;59.80524;5.5048;0.1;0;2;1;NA;NA
8964;59.92026;10.64875;0.3;0;2;0;1.61;NA
8967;59.59367;9.15392;0.3;0;2;7;0.81;NA
8968;59.905;10.7487;0;0;2;0;3.89;NA
8969;60.92249;9.30967;0.3;0;2;1;NA;NA
8970;59.94633;10.75522;0.2;0;2;0;0.37;NA
8972;58.9967;5.68307;0;0;2;1;NA;NA
8976;59.5833;11.1629;0.2;0;2;0;0.16;NA
8983;59.90688;10.76211;0;0;2;0;3.69;NA
8984;59.09866;10.93797;0.2;0;2;0;0.43;NA
8987;59.69386;10.6127;0.1;0;2;0;0.04;NA
8988;60.69702;8.57021;0.9;0;2;1;NA;NA
8992;61.55849;9.95261;0;0;2;1;NA;NA
8994;64.43852;10.5517;0;0;2;1;NA;NA
9001;59.05585;10.93038;0;0;2;5;4.47;NA
9003;59.27349;10.79519;0.2;0;2;0;0.07;NA
9006;59.83651;10.4411;0.1;0;2;4;NA;NA
9007;60.36704;5.18006;0;0;2;1;NA;NA
9008;59.42871;10.28939;0.4;0;2;0;0.13;NA
9010;59.80637;5.46603;0.2;0;2;1;NA;NA
9014;59.92072;5.34091;0.2;0;2;1;NA;NA
9015;70.98251;25.9736;0;0;2;1;NA;NA
9016;62.75516;7.21561;0;0;2;1;NA;NA
9018;70.26402;22.10874;0;0;2;1;NA;NA
9019;60.42664;5.15227;0;0;2;1;NA;NA
9020;63.59846;10.05441;0;0;2;1;NA;NA
9027;68.62612;14.83022;0;0;2;1;NA;NA
9028;59.93476;5.86632;0;0;2;1;NA;NA
9032;60.63141;6.41559;0;0;2;1;NA;NA
9034;59.94051;10.83063;0.1;0;2;4;NA;NA
9035;59.92158;10.74698;0.1;0;2;0;0;NA
9036;60.4409;5.16821;0;0;2;1;NA;NA
9037;63.4167;10.4167;0;0;2;1;NA;NA
9040;58.84645;5.71004;0;0;2;1;NA;NA
9044;62.40631;6.58855;0;0;2;1;NA;NA
9047;61.04547;9.19281;0.2;0;2;1;NA;NA
9050;60.76713;11.1255;0;0;2;1;NA;NA
9054;59.10887;9.67752;0;0;2;8;NA;NA
9058;60.33036;10.54378;0.8;0;2;0;1.19;NA
9068;59.04735;10.22419;0.1;0;2;0;0.01;NA
9072;67.30944;14.56927;0;0;2;1;NA;NA
9074;69.2617;17.62313;0;0;2;1;NA;NA
9076;59.29551;10.42233;0.3;0;2;0;0;NA
9085;59.94035;10.77623;0.1;0;2;4;NA;NA
9091;60.1257;10.20709;0.4;0;2;0;0.01;NA
9093;59.55239;10.29178;0.3;0;2;0;0;NA
9098;58.96106;5.75371;0.1;0;2;1;NA;NA
9099;58.44856;6.0472;0;0;2;1;NA;NA
9101;60.52687;12.0951;0.2;0;2;1;NA;NA
9103;58.93233;5.70105;0;0;2;1;NA;NA
9104;59.52308;10.45385;0.2;0;2;0;0.25;NA
9105;59.2597;10.40064;0.5;0;2;0;2;NA
9107;60.80434;4.99473;0;0;2;1;NA;NA
9120;58.92388;5.83876;0.1;0;2;1;NA;NA
9123;60.4731;5.27043;0;0;2;1;NA;NA
9126;58.27508;6.66656;0;0;2;1;NA;NA
9127;59.05954;5.9304;0;0;2;1;NA;NA
9130;58.16996;7.39852;0;0;2;1;NA;NA
9135;61.22348;7.12673;0;0;2;1;NA;NA
9136;59.74832;10.00424;0.2;0;2;8;NA;NA
9138;58.99755;5.65327;0.1;0;2;1;NA;NA
9147;60.67571;11.84198;0.2;0;2;1;NA;NA
9148;59.36544;5.66462;0.3;0;2;1;NA;NA
9162;58.99811;5.62148;0.1;0;2;1;NA;NA
9163;59.7425;10.2117;0.5;0;2;0;2.9;NA
9164;59.1424;11.41651;0.1;0;2;0;0.87;NA
9166;58.07403;7.01021;0;0;2;1;NA;NA
9170;59.2761;10.40865;0.1;0;2;0;2.35;NA
9172;60.20178;5.47353;0;0;2;1;NA;NA
9173;62.50409;6.39878;0;0;2;1;NA;NA
9176;59.77645;10.79791;0.1;0;2;0;0.46;NA
9179;68.24518;14.55312;0;0;2;1;NA;NA
9191;70.65507;23.70189;0;0;2;1;NA;NA
9192;59.20988;11.01098;0.2;0;2;0;0.35;NA
9198;62.94002;7.85111;0;0;2;1;NA;NA
9199;62.46192;6.37552;0;0;2;1;NA;NA
9204;62.69571;6.37476;0;0;2;1;NA;NA
9206;58.88551;5.73369;0;0;2;1;NA;NA
9220;63.76794;11.40117;0;0;2;1;NA;NA
9225;58.4575;8.74839;0;0;2;1;NA;NA
9227;64.24975;12.35669;0;0;2;1;NA;NA
9229;59.33008;10.0915;0.7;0;2;0;0;NA
9231;59.23351;6.1772;0;0;2;1;NA;NA
9236;60.44371;5.29267;0;0;2;1;NA;NA
9238;67.38551;15.35121;0;0;2;1;NA;NA
9242;59.93505;10.81755;0.1;0;2;4;NA;NA
9243;60.89068;10.9878;0;0;2;1;NA;NA
9244;63.88242;9.85342;0;0;2;1;NA;NA
9245;58.85347;5.72993;0;0;2;1;NA;NA
9251;60.81132;11.35108;0;0;2;1;NA;NA
9252;59.13364;9.66161;0.2;0;2;0;0.58;NA
9257;60.3368;5.13748;0;0;2;1;NA;NA
9258;62.54882;6.03888;0;0;2;1;NA;NA
9260;59.17666;11.01266;0.1;0;2;0;0.01;NA
9263;58.97182;5.7109;0;0;2;1;NA;NA
9264;60.36994;6.73299;0;0;2;1;NA;NA
9265;59.94889;10.74462;0;0;2;13;NA;NA
9266;58.54084;5.7399;0;0;2;1;NA;NA
9271;62.74108;7.13637;0;0;2;1;NA;NA
9274;64.51228;11.22063;0;0;2;1;NA;NA
9277;68.43899;17.45344;0;0;2;1;NA;NA
9280;59.02086;10.1404;0.1;0;2;0;0.06;NA
9281;58.98924;5.63463;0;0;2;1;NA;NA
9282;67.29513;14.59258;0;0;2;1;NA;NA
9285;59.2224;10.92264;0.1;0;2;0;0.13;NA
9287;59.81302;10.48444;0.1;0;2;0;0.09;NA
9290;60.46859;5.74542;0;0;2;1;NA;NA
9295;59.02642;6.05642;0;0;2;1;NA;NA
9306;62.46901;6.33208;0;0;2;1;NA;NA
9309;58.7957;5.67838;0;0;2;1;NA;NA
9310;59.53219;10.68404;0.3;0;2;0;0;NA
9311;59.88671;9.92866;0.3;0;2;0;0.01;NA
9312;60.33815;5.30143;0;0;2;1;NA;NA
9313;59.42106;10.46532;0.1;0;2;0;2.24;NA
9317;62.81453;7.2057;0;0;2;1;NA;NA
9322;59.37537;10.14373;0.4;0;2;0;1.11;NA
9325;58.77395;5.6425;0;0;2;1;NA;NA
9330;60.37749;5.9747;0;0;2;1;NA;NA
9336;58.96222;5.72643;0;0;2;1;NA;NA
9340;59.87657;10.47766;0.2;0;2;0;0.27;NA
9344;59.76812;10.26266;0.1;0;2;0;0.14;NA
9347;62.31276;5.69031;0;0;2;1;NA;NA
9348;59.03647;9.99503;0.2;0;2;0;0;NA
9350;59.21017;9.58893;0.3;0;2;0;0.13;NA
9352;66.83732;13.77899;0;0;2;1;NA;NA
9354;62.54465;6.57433;0;0;2;1;NA;NA
9356;59.18915;10.21263;0;0;2;5;10.74;NA
9358;59.92284;10.70915;0.2;0;2;0;0.47;NA
9359;60.35945;5.37429;0;0;2;1;NA;NA
9361;58.27949;6.94469;0;0;2;1;NA;NA
9362;59.07634;10.40808;0.1;0;2;0;0.44;NA
9364;63.31012;10.16399;0;0;2;1;NA;NA
9367;59.4167;9.05563;0.3;0;2;7;0.77;NA
9372;59.13732;11.36195;0.2;0;2;0;0;NA
9376;58.79927;5.55355;0;0;2;1;NA;NA
9378;63.40021;10.45113;0;0;2;1;NA;NA
9379;60.77316;10.69106;0.1;0;2;1;NA;NA
9391;58.20522;8.04292;0;0;2;1;NA;NA
9394;59.6945;10.61138;0.2;0;2;0;0.53;NA
9399;62.31869;6.39729;0;0;2;1;NA;NA
9405;59.3292;8.99769;1.1;0;2;1;NA;NA
9410;59.9524;10.81913;0;0;2;13;NA;NA
9415;66.3167;14.1667;0;0;2;1;NA;NA
9420;62.71975;7.42075;0;0;2;1;NA;NA
9423;59.99605;11.01914;0.1;0;2;0;0.57;NA
9433;59.49838;5.91264;0;0;2;1;NA;NA
9434;59.65049;6.81132;0.1;0;2;1;NA;NA
9437;68.78091;16.52304;0;0;2;1;NA;NA
9440;58.9558;5.60419;0;0;2;1;NA;NA
9444;64.17253;12.77122;0;0;2;1;NA;NA
9449;62.84164;7.0545;0;0;2;1;NA;NA
9456;58.96906;5.71833;0;0;2;1;NA;NA
9459;58.78567;5.72457;0;0;2;1;NA;NA
9462;62.67319;6.67532;0;0;2;1;NA;NA
9464;63.03422;7.78395;0;0;2;1;NA;NA
9470;59.27434;10.75033;0.2;0;2;0;0.13;NA
9471;59.84475;11.18575;0;0;2;0;0.04;NA
9474;68.09707;16.38108;0;0;2;1;NA;NA
9475;61.35289;5.40486;0;0;2;1;NA;NA
9477;61.07579;8.73386;0.5;0;2;1;NA;NA
9484;59.8989;10.51016;0;0;2;13;NA;NA
9485;59.6636;5.98857;0;0;2;1;NA;NA
9486;59.47022;10.69238;0.2;0;2;0;0.01;NA
9489;60.66075;4.80252;0;0;2;1;NA;NA
9491;59.50923;10.28921;0.3;0;2;0;0.17;NA
9492;59.84942;8.94255;0.5;0;2;1;NA;NA
9496;58.85177;5.74747;0;0;2;1;NA;NA
9499;59.07353;10.19593;0.1;0;2;0;0.03;NA
9505;59.85771;10.80272;0;0;2;0;1.86;NA
9506;60.24016;5.82913;0;0;2;1;NA;NA
9513;60.26079;6.62486;0;0;2;1;NA;NA
9514;58.00761;7.10384;0;0;2;1;NA;NA
9515;58.17934;6.79968;0;0;2;1;NA;NA
9520;60.35848;10.57367;0.3;0;2;0;1.01;NA
9522;70.644;23.67915;0;0;2;1;NA;NA
9523;61.98856;5.04646;0;0;2;1;NA;NA
9525;58.90344;5.71427;0;0;2;1;NA;NA
9526;61.37809;5.10994;0;0;2;1;NA;NA
9530;65.49107;12.23579;0;0;2;1;NA;NA
9531;60.70815;4.92076;0;0;2;1;NA;NA
9535;69.32;18.14972;0;0;2;1;NA;NA
9537;62.15312;5.29766;0;0;2;1;NA;NA
9540;58.92072;5.86635;0;0;2;1;NA;NA
9548;59.97966;10.637;0.5;0;2;0;1.61;NA
9550;60.48887;5.26529;0;0;2;1;NA;NA
9551;58.12303;7.96127;0;0;2;1;NA;NA
9553;59.79785;5.51689;0.1;0;2;1;NA;NA
9555;60.8809;10.9395;0.5;0;2;1;NA;NA
9556;59.03403;9.71149;0.1;0;2;0;1.28;NA
9557;59.09195;10.212;0.1;0;2;0;0.09;NA
9559;60.01168;11.02209;0.2;0;2;0;2.08;NA
9564;64.01229;9.94973;0;0;2;1;NA;NA
9566;60.20882;10.10484;0.1;0;2;5;4.04;NA
9567;59.04628;10.0712;0.2;0;2;0;0.13;NA
9570;67.25841;15.3893;0;0;2;1;NA;NA
9580;58.99061;5.69374;0.1;0;2;1;NA;NA
9583;67.29848;14.40265;0;0;2;1;NA;NA
9585;59.24462;5.81367;0.1;0;2;1;NA;NA
9595;62.94635;7.86724;0;0;2;1;NA;NA
9597;70.45981;27.87427;0;0;2;1;NA;NA
9599;60.36672;5.18612;0;0;2;1;NA;NA
9604;59.37157;10.25605;0.7;0;2;0;0.55;NA
9605;59.51614;10.2787;0.4;0;2;0;0.03;NA
9610;63.51508;8.37222;0;0;2;1;NA;NA
9611;62.69458;6.69089;0;0;2;1;NA;NA
9612;59.20051;10.91615;0.1;0;2;0;0.02;NA
9614;60.76397;11.107;0;0;2;1;NA;NA
9628;59.75422;10.93094;0;0;2;0;2.08;NA
9631;59.65619;10.658;0.1;0;2;0;0.05;NA
9632;61.01402;8.95068;0.3;0;2;1;NA;NA
9635;59.95;10.75;0;0;2;13;NA;NA
9641;59.13333;11.39419;0;0;2;5;4.22;NA
9644;59.92374;10.60157;0.1;0;2;0;0.33;NA
9645;59.41752;11.35827;0.1;0;2;0;2.94;NA
9647;59.93117;10.81575;0;0;2;13;NA;NA
9650;68.38772;16.84134;0;0;2;1;NA;NA
9652;59.63886;9.66974;0.9;0;2;0;0.24;NA
9653;59.8785;10.48239;0.1;0;2;0;0.16;NA
9658;59.95;10.75;0.6;0;2;4;NA;NA
9661;59.17556;10.38441;0.1;0;2;0;0.04;NA
9669;59.42625;11.43962;0.5;0;2;0;1.01;NA
9672;59.87861;10.85042;0;0;2;0;1.44;NA
9677;59.85224;10.40579;0.1;0;2;0;0.02;NA
9680;58.68055;5.72057;0;0;2;1;NA;NA
9694;59.52807;10.08441;0.6;0;2;0;0.03;NA
9697;58.26052;8.47682;0;0;2;1;NA;NA
9699;59.0332;6.04505;0;0;2;1;NA;NA
9700;59.18005;10.42975;0.1;0;2;0;0;NA
9701;58.07806;7.02782;0;0;2;1;NA;NA
9702;63.78235;8.7012;0;0;2;1;NA;NA
9706;59.03056;11.03526;0.1;0;2;0;0.58;NA
9711;60.04719;5.18263;0;0;2;1;NA;NA
9717;59.29646;5.20134;0;0;2;1;NA;NA
9718;60.39334;5.44295;0;0;2;1;NA;NA
9721;60.92872;5.00895;0;0;2;1;NA;NA
9722;58.93193;5.64138;0;0;2;1;NA;NA
9723;59.54405;10.74562;0.2;0;2;0;0.05;NA
9724;58.44312;8.71936;0;0;2;1;NA;NA
9726;60.51308;5.65641;0;0;2;1;NA;NA
9743;59.90132;10.79176;0;0;2;0;2.86;NA
9746;60.38553;5.09233;0;0;2;1;NA;NA
9751;62.34661;5.59894;0;0;2;1;NA;NA
