sourceId;lat;lon;elev;value;prid;dqc
METSN14200:0;61.7247;9.1542;599;0.8;1;0
METSN64760:0;62.9853;8.6895;5;0.7;1;0
METSN51440:0;60.647;6.1105;17;2.1;1;0
METSN700:0;61.887;12.0462;672;0.6;1;0
METSN19710:0;59.8558;10.4358;163;3.5;1;0
METSN98645:0;70.3222;30.0648;175;-9.3;1;0
METSN45530:0;59.0512;6.1212;300;5.3;1;0
METSN44560:0;58.8843;5.637;7;7.2;1;0
METSN92350:0;69.8362;21.8958;20;-5.9;1;0
METSN26630:0;59.7323;9.8728;13;1.8;1;0
METSN12680:0;61.0917;10.4762;240;2.7;1;0
METSN8880:0;62.1093;10.6268;478;1.8;1;0
METSN46220:0;59.4128;6.4697;639;2.7;1;0
METSN64510:0;62.9133;8.1862;23;8.4;1;0
METSN80880:0;67.093;14.1663;600;-3.4;1;0
METSN1070:0;59.0418;11.0322;20;5.6;1;0
METSN49087:0;60.2178;6.4298;1390;-3.2;1;0
METSN78800:0;65.8255;14.1942;406;-2.7;1;0
METSN26950:0;59.6027;10.4047;4;4.3;1;0
METSN60945:0;62.4703;6.2108;15;8.2;1;0
METSN80740:0;66.9035;13.646;9;3.5;1;0
METSN29720:0;60.4188;8.5263;798;0.8;1;0
METSN25112:0;60.8705;8.5175;807;-0.7;1;0
METSN35210:0;58.87;9.0263;32;1.6;1;0
METSN96400:0;71.0888;28.217;8;-6.6;1;0
METSN98550:0;70.3707;31.0962;10;-4.6;1;0
METSN74780:0;64.9608;13.5403;460;0.6;1;0
METSN27433:0;59.1745;10.3655;1;5.3;1;0
METSN94280:0;70.6807;23.6772;81;-7.6;1;0
METSN17870:0;59.6703;10.8107;120;3.3;1;0
METSN74350:0;64.7422;12.846;140;3.4;1;0
METSN85450:0;68.2453;14.6693;9;1.4;1;0
METSN45870:0;59.16;6.0365;30;7.7;1;0
METSN18500:0;60.0513;10.6878;360;2.6;1;0
METSN57710:0;61.5832;5.0278;9;6.7;1;0
METSN59110:0;62.034;4.9865;72;8;1;0
METSN80705:0;66.8275;13.948;520;-0.3;1;0
METSN41175:0;58.2772;7.4388;280;4.5;1;0
METSN27460:0;59.2173;10.4103;5;4.7;1;0
METSN68125:0;63.4223;10.3498;156;3.5;1;0
METSN68860:0;63.4107;10.4538;127;6.1;1;0
METSN75550:0;65.2023;10.9965;23;6.2;1;0
METSN12550:0;60.7733;10.8055;128;3.6;1;0
METSN5590:0;60.1903;12.0067;148;3;1;0
METSN37310:0;59.1723;8.3442;645;1.4;1;0
METSN18950:0;59.9847;10.6693;514;1.9;1;0
METSN82290:0;67.267;14.3637;11;0.8;1;0
METSN48120:0;59.7933;5.3407;49;6.7;1;0
METSN27470:0;59.1845;10.2553;88;4.6;1;0
METSN31620:0;59.8397;8.1785;977;-0.5;1;0
METSN18210:0;59.923;10.804;100;4.7;1;0
METSN17280:0;59.4352;10.578;14;4.8;1;0
METSN15270:0;61.6775;8.369;1894;-6;1;0
METSN41090:0;58.0247;7.4517;10;6.5;1;0
METSN31660:0;60.018;7.913;954;0;1;0
METSN27315:0;59.3808;10.2397;39;3.9;1;0
METSN37150:0;59.0523;8.6537;570;1.4;1;0
METSN98648:0;70.367;29.7663;407;-11.6;1;0
METSN46432:0;59.8357;6.7108;1370;-2.8;1;0
METSN90760:0;70.10426;20.11451;57;-1.9;1;0
METSN44300:0;58.7605;5.6508;87;6.5;1;0
METSN12320:0;60.818;11.0697;221;2.8;1;0
METSN56960:0;61.4202;6.3758;311;5.8;1;0
METSN62270:0;62.7443;7.2617;3;6.6;1;0
METSN84630:0;68.421;17.4802;1000;-5.6;1;0
METSN62980:0;62.93;7.925;990;1.3;1;0
METSN50500:0;60.2892;5.2265;48;6.6;1;0
METSN54110:0;61.1033;7.5025;2;8.9;1;0
METSN61340:0;62.5643;7.672;4;8.2;1;0
METSN39040:0;58.2;8.0767;12;6.5;1;0
METSN26990:0;59.6193;10.215;60;3.5;1;0
METSN3720:0;59.5873;11.0962;87;3.8;1;0
METSN5660:0;60.2537;12.0913;170;3.3;1;0
METSN71000:0;64.0217;11.4493;6;4.9;1;0
METSN51010:0;60.5205;5.7243;10;6.1;1;0
METSN41770:0;57.9815;7.048;16;7;1;0
METSN79220:0;66.2348;13.904;37;1.8;1;0
METSN45770:0;59.23;6.1498;43;7;1;0
METSN69020:0;63.4268;10.515;27;6.7;1;0
METSN60650:0;62.288;7.2173;34;9.7;1;0
METSN9310:0;62.2207;9.5423;1012;-0.8;1;0
METSN31520:0;59.8358;8.315;949;0;1;0
METSN93900:0;68.7553;23.5387;382;-11.8;1;0
METSN59680:0;62.18041;6.07806;74;7.8;1;0
METSN91180:0;69.8915;20.1387;45;-3.1;1;0
METSN27160:0;59.4198;10.4647;95;4.3;1;0
METSN27780:0;59.0467;10.125;19;5.6;1;0
METSN87120:0;69.2413;16.003;436;-4.1;1;0
METSN86600:0;68.58;15.0293;3;1.4;1;0
METSN67280:0;62.9535;10.1788;299;4.1;1;0
METSN84880:0;68.3995;17.966;365;-3.6;1;0
METSN90400:0;69.6538;18.9095;20;-2.5;1;0
METSN8140:0;61.4255;11.0803;257;1.6;1;0
METSN92750:0;70.4865;22.1457;6;-3.3;1;0
METSN47260:0;59.3445;5.2115;24;6.8;1;0
METSN19825:0;59.5513;10.5813;9;5;1;0
METSN17150:0;59.3742;10.798;40;4.7;1;0
METSN91729:0;70.075;20.431;850;-11.6;1;0
METSN39150:0;58.1502;8.052;12;7.2;1;0
METSN62295:0;62.756;7.2088;258;5.4;1;0
METSN52310:0;60.8562;5.9733;125;2.9;1;0
METSN35860:0;58.6361;9.1479;4;6.1;1;0
METSN60850:0;62.4317;6.4325;1;4.8;1;0
METSN6020:0;60.6142;12.0125;185;3.3;1;0
METSN3370:0;59.3193;11.0422;45;4.6;1;0
METSN58100:0;61.8293;6.1043;60;7.6;1;0
METSN60640:0;62.297;7.2525;2;8.5;1;0
METSN64700:0;62.722;8.7753;405;6.7;1;0
METSN89940:0;68.7817;19.7017;204;-8.8;1;0
METSN31250:0;59.9958;8.3755;1093;-0.9;1;0
METSN5350:0;60.3883;11.558;147;3.2;1;0
METSN33300:0;59.7675;7.8173;1340;-2.7;1;0
METSN59695:0;62.16;6.2877;690;4.1;1;0
METSN60890:0;62.4654;6.4013;33;6.9;1;0
METSN26500:0;59.9202;9.9728;64;1.4;1;0
METSN82410:0;67.4048;13.8958;24;1.5;1;0
METSN33890:0;59.7662;7.3653;821;0.1;1;0
METSN8780:0;62.0103;10.0003;780;0.3;1;0
METSN31500:0;59.8247;8.3477;875;0.8;1;0
METSN98640:0;70.2467;30.368;72;-7.8;1;0
METSN98974:0;70.227;28.9563;150;-10;1;0
METSN26810:0;59.7688;9.9155;7;2.7;1;0
METSN37230:0;59.0257;8.5187;252;4;1;0
METSN81930:0;67.0129;15.973;565;-7.7;1;0
METSN12960:0;61.1638;10.7088;930;-0.9;1;0
METSN4785:0;60.2105;11.0782;203;2.6;1;0
METSN27420:0;59.1205;10.398;32;5.7;1;0
METSN15430:0;61.7195;8.2423;700;-2.1;1;0
METSN60500:0;62.2305;7.4218;11;9.7;1;0
METSN58960:0;62.0033;6.6502;349;5.2;1;0
METSN43350:0;58.4352;5.8718;49;6.8;1;0
METSN20540:0;60.3558;10.5592;245;3.4;1;0
METSN27316:0;59.371;10.2692;30;3.8;1;0
METSN77230:0;65.7842;13.218;72;2.5;1;0
METSN63705:0;62.6027;9.666;604;3.4;1;0
METSN13030:0;61.2247;10.2588;375;1.1;1;0
METSN40510:0;59.3335;6.8817;1105;-1.2;1;0
METSN26580:0;59.731;10.2142;14;2.7;1;0
METSN80700:0;66.8102;13.9793;39;3.4;1;0
METSN26820:0;59.7613;9.8922;15;2.7;1;0
METSN10380:0;62.5773;11.3518;625;1.5;1;0
METSN4735:0;60.1705;11.1105;204;2.7;1;0
METSN98790:0;70.0653;29.8352;39;-7.3;1;0
METSN66150:0;63.3153;9.8495;4;2.3;1;0
METSN30650:0;59.5666;9.2111;20;3.9;1;0
METSN17380:0;59.398;10.7543;35;4.6;1;0
METSN76240:0;65.22;11.9927;302;3.2;1;0
METSN36560:0;58.6582;8.63;142;4.4;1;0
METSN98360:0;70.6028;29.7;152;-9.4;1;0
METSN26840:0;59.7658;10.0123;139;4.1;1;0
METSN69100:0;63.4597;10.9305;12;7;1;0
METSN69150:0;63.4882;10.8795;27;6.4;1;0
METSN58900:0;61.9157;6.5585;208;6.4;1;0
METSN16271:0;61.8883;9.4798;940;-0.6;1;0
METSN77280:0;65.6215;13.2892;50;3;1;0
METSN94230:0;70.4107;22.8177;18;-7.3;1;0
METSN27120:0;59.4283;10.3847;70;4;1;0
METSN50810:0;60.4742;5.3418;90;5.5;1;0
METSN55290:0;61.5648;7.9957;1413;-3.2;1;0
METSN27282:0;59.2632;10.3603;30;4.1;1;0
METSN51990:0;60.8655;6.4733;700;2.2;1;0
METSN98976:0;70.306;29.1003;268;-11.2;1;0
METSN11450:0;60.3943;11.2302;143;3.2;1;0
METSN34130:0;58.8565;9.5745;3;6.1;1;0
METSN16400:0;62.0172;9.2143;560;2.4;1;0
METSN16560:0;62.07165;9.1147;638;1.6;1;0
METSN50175:0;60.0167;5.2038;32;6.7;1;0
METSN65940:0;63.8467;8.4667;5;6.5;1;0
METSN23550:0;61.2508;8.9228;965;-1.6;1;0
METSN42160:0;58.109;6.5675;14;7;1;0
METSN55700:0;61.158;7.1413;497;4.4;1;0
METSN56420:0;61.2928;5.0443;7;6.1;1;0
METSN71990:0;64.4013;10.455;18;7.2;1;0
METSN91120:0;69.55991;20.15185;670;-12.1;1;0
METSN32061:0;59.3822;9.2118;94;4.3;1;0
METSN23420:0;60.9785;9.224;358;-0.7;1;0
METSN210:0;61.3188;12.1887;1020;-1.6;1;0
METSN98978:0;70.3357;28.9648;470;-12.6;1;0
METSN90100:0;69.414;18.6773;124;-5.4;1;0
METSN27435:0;59.2417;10.4023;25;4.7;1;0
METSN80610:0;66.7628;12.486;17;4.3;1;0
METSN75220:0;64.835;11.1408;4;5.4;1;0
METSN88450:0;69.2805;17.0715;4;-0.8;1;0
METSN23500:0;61.122;9.063;521;-0.9;1;0
METSN12700:0;61.104;10.5112;507;1.3;1;0
METSN67560:0;62.9763;10.5608;127;4.3;1;0
METSN66760:0;62.6597;9.8203;660;1.7;1;0
METSN61410:0;62.4555;7.7703;1294;-2.1;1;0
METSN19470:0;59.9603;10.5357;262;1.4;1;0
METSN50070:0;60.3632;6.2805;49;6;1;0
METSN59450:0;62.1467;5.2115;75;7.9;1;0
METSN61630:0;62.2583;8.2;579;3.2;1;0
METSN51530:0;60.6252;6.4265;54;2.7;1;0
METSN12710:0;61.1431;10.5143;562;1;1;0
METSN58070:0;61.7873;6.1835;51;6.7;1;0
METSN27270:0;59.2782;10.4312;3;4.7;1;0
METSN10800:0;62.6793;11.8153;747;0.3;1;0
METSN93140:0;69.9775;23.3582;3;-8.4;1;0
METSN30330:0;59.2268;9.5772;41;4.1;1;0
METSN93301:0;69.5797;23.5345;381;-12.1;1;0
METSN90495:0;69.6942;18.982;80;-3.3;1;0
METSN25830:0;60.5938;7.527;1210;-1.7;1;0
METSN7420:0;61.3763;11.4992;872;-1;1;0
METSN49360:0;60.1173;6.5742;147;4.1;1;0
METSN24710:0;60.383;9.605;142;1.8;1;0
METSN91522:0;69.5417;20.5507;14;-5.6;1;0
METSN33950:0;59.8118;7.2143;990;-0.7;1;0
METSN85840:0;67.6527;12.7228;4;3.4;1;0
METSN90110:0;69.4229;18.6208;740;-12.7;1;0
METSN58860:0;61.8902;6.1065;1020;0.7;1;0
METSN17000:0;59.1513;10.8288;10;5.3;1;0
METSN50539:0;60.3837;5.332;46;7.1;1;0
METSN99600:0;69.8043;28.9937;321;-12.9;1;0
METSN88690:0;69.6005;17.8312;33;-2.4;1;0
METSN16610:0;62.1133;9.2862;973;-0.7;1;0
METSN26780:0;59.7655;10.0582;54;2.5;1;0
METSN89350:0;69.0577;18.5437;76;-4.9;1;0
METSN38730:0;58.6007;8.4167;162;3.6;1;0
METSN91251:0;69.4722;20.5268;72;-5.5;1;0
METSN53480:0;60.7192;7.2085;960;1;1;0
METSN27281:0;59.3173;10.3957;60;4.5;1;0
METSN57810:0;61.7707;5.2983;16;7.7;1;0
METSN13160:0;61.4648;10.1277;1030;-1.7;1;0
METSN27450:0;59.23;10.3483;26;4.7;1;0
METSN9160:0;62.1282;9.9947;694;0.2;1;0
METSN72580:0;64.4708;11.5705;2;4.7;1;0
METSN85890:0;67.5267;12.1038;4;4;1;0
METSN30860:0;59.8861;9.058;514;1.4;1;0
METSN50480:0;60.2913;5.2777;37;7.1;1;0
METSN54600:0;61.10988;8.03686;806;2.5;1;0
METSN26900:0;59.7538;10.1207;6;3.5;1;0
METSN71850:0;64.1727;9.4052;16;7.2;1;0
METSN11500:0;60.7002;10.8695;264;3.1;1;0
METSN78360:0;66.1317;13.5867;126;1.3;1;0
METSN70680:0;63.9425;11.4255;59;5.1;1;0
METSN99370:0;69.7255;29.8977;89;-11.8;1;0
METSN53680:0;60.8625;7.1603;860;2.4;1;0
METSN23800:0;61.1973;8.3807;517;-1.7;1;0
METSN90720:0;69.9903;18.6938;26;-0.8;1;0
METSN89980:0;69.0935;19.6278;230;-5.8;1;0
METSN62480:0;62.8585;6.5378;20;8.2;1;0
METSN98090:0;70.8708;29.0348;13;-8.6;1;0
METSN43010:0;58.507;6.5045;65;5.8;1;0
METSN55928:0;61.2028;6.5285;15;6.2;1;0
METSN86520:0;68.648;15.2832;14;1.4;1;0
METSN50310:0;60.3887;5.964;455;2.9;1;0
METSN54710:0;61.178;8.1125;956;-0.8;1;0
METSN91430:0;69.2235;20.5795;502;-11.9;1;0
METSN71780:0;63.9678;10.2237;30;6.2;1;0
METSN64870:0;63.0493;9.0878;410;5.4;1;0
METSN32890:0;59.497;8.1992;560;1.8;1;0
METSN15730:0;61.8957;7.8955;664;-0.4;1;0
METSN27261:0;59.2625;10.4985;9;4.7;1;0
METSN84210:0;68.1905;17.7905;740;-4.8;1;0
METSN84500:0;68.432;17.662;200;-1.6;1;0
METSN13655:0;61.5308;9.4023;928;-1.1;1;0
METSN19940:0;59.7908;10.2598;39;3.3;1;0
METSN26590:0;59.7445;10.2312;4;3.3;1;0
METSN80200:0;66.3892;13.1848;115;3.1;1;0
METSN57000:0;61.391;5.76;321;4.9;1;0
METSN59800:0;62.3293;5.268;38;8.1;1;0
METSN9580:0;62.2695;10.732;482;1.8;1;0
METSN28922:0;60.0435;9.1468;275;1.4;1;0
METSN36330:0;58.5158;8.7028;134;4.9;1;0
METSN50865:0;60.3828;5.542;345;4.2;1;0
METSN55820:0;61.4233;6.7642;3;5;1;0
METSN47890:0;59.85778;6.01692;38;6.4;1;0
METSN83710:0;68.0483;16.0832;6;0.5;1;0
METSN80615:0;66.6432;13.9298;1362;-8.1;1;0
METSN180:0;61.2943;12.2718;360;1.2;1;0
METSN29400:0;60.1833;7.4805;1250;-2.3;1;0
METSN49420:0;60.128;6.6293;470;5;1;0
METSN68050:0;63.4428;10.4428;13;5.6;1;0
METSN82720:0;67.3335;15.8282;665;-4.5;1;0
METSN48330:0;59.907;5.0668;25;6.9;1;0
METSN89010:0;69.2897;18.1288;982;-11.5;1;0
METSN26802:0;59.7328;10.0258;166;3.4;1;0
METSN38140:0;58.34;8.5225;6;6.2;1;0
METSN49800:0;60.4085;7.2798;735;2.4;1;0
METSN50570:0;60.404;5.3358;175;5;1;0
METSN60800:0;62.4775;6.8167;5;6;1;0
METSN92650:0;70.2368;22.0705;27;-2.4;1;0
METSN84900:0;68.4323;18.0767;512;-9;1;0
METSN84701:0;68.4372;17.4212;31;-1.6;1;0
METSN26996:0;59.6473;10.1052;437;2.3;1;0
METSN76914:0;59.66009;10.78212;93;4.5;1;0
METSN87000:0;68.7183;15.3112;500;-3.1;1;0
METSN94680:0;71.0105;25.9782;14;-6.4;1;0
METSN93000:0;70.607;22.4428;438;-9.6;1;0
METSN44640:0;58.9563;5.7278;72;6.7;1;0
METSN96890:0;69.9363;28.3773;418;-14.3;1;0
METSN60620:0;62.3292;7.5135;312;6;1;0
METSN31210:0;60.1;8.2667;1125;-1.3;1;0
METSN44190:0;58.7345;5.7262;92;6.2;1;0
METSN12180:0;60.8028;11.2028;182;3.5;1;0
METSN4260:0;59.9775;10.9777;143;3.4;1;0
METSN23410:0;61.0032;9.30141;822;-1.3;1;0
METSN76750:0;65.9635;12.4783;17;5.1;1;0
METSN91530:0;69.4818;20.5787;1237;-14.3;1;0
METSN69655:0;63.5652;10.6932;32;5.2;1;0
METSN27406:0;59.169;10.4238;2;5.5;1;0
METSN39750:0;58.6863;7.803;207;4.2;1;0
METSN21680:0;60.9345;10.0358;542;0.7;1;0
METSN20280:0;60.1403;10.2662;126;4.1;1;0
METSN64300:0;63.1257;7.7027;5;6.3;1;0
METSN87110:0;69.3073;16.1312;10;0.7;1;0
METSN81775:0;66.7435;15.4628;520;-5.4;1;0
METSN49490:0;60.3185;6.6538;12;4.7;1;0
METSN85560:0;68.155;13.615;26;2.4;1;0
METSN62700:0;62.9087;7.2436;80;6.9;1;0
METSN98400:0;70.7057;30.07;9;-7.6;1;0
METSN90800:0;70.2452;19.4997;21;-0.4;1;0
METSN57790:0;61.6788;5.2007;715;1.6;1;0
METSN20301:0;60.1665;10.2478;140;4.5;1;0
METSN47300:0;59.3065;4.8723;55;6.7;1;0
METSN25630:0;60.53;8.1948;772;-1.2;1;0
METSN84970:0;68.4912;16.6833;26;-0.8;1;0
METSN71320:0;63.5858;9.9705;23;6.5;1;0
METSN55425:0;61.5972;7.3892;1566;-4.1;1;0
METSN99540:0;69.147;29.244;56;-12.5;1;0
METSN52535:0;60.7525;4.715;19;7.1;1;0
METSN36200:0;58.3988;8.7893;12;6.5;1;0
METSN85040:0;68.368;15.943;8;1.5;1;0
METSN12980:0;61.1478;10.4548;388;1.5;1;0
METSN30875:0;59.8103;8.9863;314;3.6;1;0
METSN27271:0;59.27;10.4019;3;4.7;1;0
METSN28380:0;59.6247;9.6377;170;1.2;1;0
METSN2650:0;59.9119;11.5801;128;3.5;1;0
METSN68230:0;63.3987;10.4228;84;4.8;1;0
METSN82310:0;67.3084;14.4309;5;0.2;1;0
METSN85080:0;68.5172;15.8768;6;0;1;0
METSN60875:0;62.4848;6.4797;69;7.6;1;0
METSN77425:0;65.1662;13.3667;319;1.7;1;0
METSN42940:0;58.923;6.9097;560;2.5;1;0
METSN81650:0;66.9368;15.3155;39;-1.2;1;0
METSN89820:0;69.0222;19.3537;85;-7;1;0
METSN27403:0;59.2084;10.45442;1;5.3;1;0
METSN47350:0;59.4382;5.078;25;6.9;1;0
METSN4460:0;60.1173;10.829;170;2.8;1;0
METSN16040:0;61.7782;9.5413;309;1.6;1;0
METSN55770:0;61.1792;6.8608;45;7.7;1;0
METSN90510:0;69.6508;19.0065;3;-2.2;1;0
METSN51470:0;60.6455;6.222;328;3.6;1;0
METSN26790:0;59.7498;10.0275;4;3.9;1;0
METSN46610:0;59.6479;6.3499;5;4.3;1;0
METSN72710:0;64.509;12.0177;32;5.2;1;0
METSN13150:0;61.4582;10.1872;200;1.6;1;0
METSN40420:0;59.3505;7.3438;594;1.7;1;0
METSN27500:0;59.0272;10.5242;6;6.4;1;0
METSN76450:0;65.7017;11.8562;4;4.9;1;0
METSN76530:0;65.8295;12.4255;21;5;1;0
METSN9380:0;62.2958;9.352;1475;-4.1;1;0
METSN95350:0;70.06;24.9793;5;-9.4;1;0
METSN41825:0;58.134;7.0452;6;7.1;1;0
METSN61420:0;62.4458;7.8355;67;8.6;1;0
METSN53101:0;61.1724;6.6452;49;7.5;1;0
METSN4920:0;60.1268;11.3933;160;3.5;1;0
METSN94500:0;71.0937;23.9817;13;-5.3;1;0
METSN86740:0;68.6072;14.4347;8;2.2;1;0
METSN51800:0;60.7022;6.9373;695;3.8;1;0
METSN27214:0;59.41945;10.2739;110;3.7;1;0
METSN90560:0;69.6988;18.8772;63;-3.3;1;0
METSN45350:0;59.0552;6.6467;5;6.9;1;0
METSN79720:0;66.2785;14.8892;550;-3.8;1;0
METSN31970:0;59.8497;8.6562;1804;-5.2;1;0
METSN55740:0;61.3648;6.9077;443;1.9;1;0
METSN27010:0;59.713;10.146;193;2.8;1;0
METSN44080:0;58.6592;5.5553;24;6.7;1;0
METSN79764:0;66.4993;14.954;251;-2.4;1;0
METSN73466:0;64.4595;13.5978;420;0.9;1;0
METSN9050:0;62.063;9.9907;800;-0.7;1;0
METSN68110:0;63.4182;10.2642;451;1.9;1;0
METSN63630:0;62.6352;9.392;1550;-4.3;1;0
METSN3810:0;59.5872;11.166;141;3.7;1;0
METSN98580:0;70.3545;31.044;12;-4.9;1;0
METSN82110:0;67.2763;15.1018;20;-0.8;1;0
METSN3290:0;59.3882;11.3905;100;3.5;1;0
METSN91551:0;69.4802;20.8693;20;-4.9;1;0
METSN91502:0;69.5575;20.4133;650;-10.3;1;0
METSN99460:0;69.4552;30.041;27;-13.5;1;0
METSN27400:0;59.23662;10.45604;2;5.2;1;0
METSN71550:0;63.7045;9.6105;10;6.6;1;0
METSN73550:0;64.531;12.3837;95;3.8;1;0
METSN25110:0;60.8548;8.593;604;0.6;1;0
METSN96220:0;70.5815;26.9938;18;-8.9;1;0
METSN98642:0;70.2932;30.1908;107;-9;1;0
METSN97251:0;69.4635;25.5023;131;-10.2;1;0
METSN3190:0;59.2852;11.1128;57;5.1;1;0
METSN18270:0;59.9683;10.9185;200;3;1;0
METSN44730:0;58.8662;5.7592;19;7;1;0
METSN91380:0;69.3875;20.2823;20;-6;1;0
METSN46930:0;59.4927;5.7208;20;6.8;1;0
METSN25115:0;60.8397;8.4968;1344;-3;1;0
METSN53530:0;60.6563;7.2755;1162;-0.8;1;0
METSN57770:0;61.5717;4.6817;26;7.4;1;0
METSN91130:0;69.5588;20.094;710;-10.1;1;0
METSN93700:0;68.9968;23.0335;307;-11.6;1;0
METSN91740:0;69.7887;20.9553;6;-6.7;1;0
METSN49220:0;60.0447;6.5395;89;6.5;1;0
METSN27212:0;59.4173;10.2087;83;3.9;1;0
METSN27272:0;59.2937;10.4275;55;4.3;1;0
METSN50503:0;60.35;5.3967;221;5.4;1;0
METSN75410:0;64.7977;10.5493;33;5.9;1;0
METSN39100:0;58.0732;8.0532;9;6.6;1;0
METSN70850:0;64.1587;12.4692;195;3.2;1;0
METSN69380:0;63.4115;11.7277;169;5.7;1;0
METSN13750:0;61.4183;8.8945;1088;-1.9;1;0
METSN61060:0;62.6512;6.7552;43;7.2;1;0
METSN27262:0;59.2952;10.5145;3;4.6;1;0
METSN17050:0;59.3188;10.8145;12;4.8;1;0
METSN25541:0;60.68108;8.00375;992;-0.7;1;0
METSN79700:0;66.3962;14.53;110;-1.4;1;0
METSN85380:0;68.1535;14.6485;14;3;1;0
METSN62290:0;62.7413;7.2275;5;7.2;1;0
METSN65451:0;63.5187;9.1125;13;7.7;1;0
METSN44610:0;59.0705;5.4122;21;7;1;0
METSN12290:0;60.80056;11.0948;141;3.4;1;0
METSN27162:0;59.3563;10.46;61;4.6;1;0
METSN68290:0;63.2248;11.0075;160;5.3;1;0
METSN4200:0;59.9708;11.0383;108;3.5;1;0
METSN65310:0;63.5176;7.9482;4;7.2;1;0
METSN97350:0;69.3695;24.4312;286;-12.2;1;0
METSN27318:0;59.363;10.3672;46;4.4;1;0
METSN31400:0;59.8655;8.6978;1008;-0.4;1;0
METSN49245:0;59.9333;6.5887;255;2.7;1;0
METSN12648:0;61.1145;10.4675;210;2.4;1;0
METSN29350:0;60.255;8.7057;648;-0.2;1;0
METSN87640:0;68.8029;16.5362;45;-0.2;1;0
METSN32220:0;59.5022;8.9837;1102;-1;1;0
METSN47498:0;59.6625;5.9538;8;6.6;1;0
METSN42930:0;58.9112;6.8112;920;-0.4;1;0
METSN87772:0;68.5863;16.3608;1095;-9.4;1;0
METSN79600:0;66.3643;14.3015;70;0.3;1;0
METSN82000:0;67.1658;15.4857;7;-0.8;1;0
METSN80102:0;66.3705;12.611;10;3.7;1;0
METSN80707:0;66.8303;13.9067;930;-4.7;1;0
METSN63420:0;62.6785;8.5473;6;9.6;1;0
METSN96310:0;71.033;27.8298;13;-7.8;1;0
METSN92860:0;70.1728;22.3413;560;-11.3;1;0
METSN27330:0;59.2938;10.2983;33;3.4;1;0
METSN55430:0;61.6595;7.2762;305;1.8;1;0
METSN67140:0;63.3403;10.2973;48;6.1;1;0
METSN60190:0;62.3065;6.849;1050;0.8;1;0
METSN77490:0;65.3143;13.4483;940;-3;1;0
METSN60990:0;62.5617;6.115;22;7.1;1;0
METSN64330:0;63.1093;7.8158;62;8.3;1;0
METSN40880:0;59.5766;7.3897;841;1.1;1;0
METSN69010:0;63.3188;10.648;285;4;1;0
METSN41480:0;58.6172;7.4128;268;2;1;0
METSN68120:0;63.3628;10.3597;135;6;1;0
METSN60810:0;62.5158;6.8717;625;2.6;1;0
METSN40250:0;59.1972;7.5273;308;1.2;1;0
METSN13420:0;61.6513;10.1082;930;-1.3;1;0
METSN89985:0;69.1025;19.5442;1074;-12.3;1;0
METSN60400:0;62.2477;7.2392;28;9.6;1;0
METSN15890:0;62.0162;7.6637;872;1;1;0
METSN27161:0;59.3845;10.3985;40;4.2;1;0
METSN18700:0;59.9423;10.72;94;4.4;1;0
METSN29950:0;58.9688;10.148;15;6.5;1;0
METSN96850:0;70.2122;28.159;32;-9.9;1;0
METSN57340:0;61.4573;6.096;980;-0.7;1;0
METSN30810:0;59.7238;9.0245;191;1.9;1;0
METSN68262:0;63.3064;10.4657;143;6;1;0
METSN88100:0;68.6457;18.2442;230;-5.3;1;0
METSN30255:0;59.08723;9.66036;100;5.1;1;0
METSN24890:0;60.567;9.1323;166;-2.5;1;0
METSN52860:0;61.0272;5.3813;38;5.9;1;0
METSN76330:0;65.4567;12.2182;9;5.6;1;0
METSN90490:0;69.6767;18.9133;8;-2.8;1;0
METSN63820:0;62.4473;9.5827;680;2.2;1;0
METSN32240:0;59.4175;9.0287;105;2.6;1;0
METSN97710:0;69.3003;25.346;591;-14.1;1;0
METSN7950:0;61.1847;11.3747;255;0.9;1;0
METSN68010:0;63.4465;10.3364;44;6.7;1;0
METSN226700:0;63.41167;18.97972;108;-1.4;2;0
METSN222100:0;63.83972;13.50389;717;-1.4;2;0
METSN221000:0;63.18639;12.17611;1090;-1.9;2;0
METSN211000:0;65.32806;15.06889;577;-4.5;2;0
METSN203100:0;68.07472;19.83944;494;-12;2;0
METSN226900:0;63.18861;19.02056;11;-0.3;2;0
METSN255200:0;58.07194;15.23611;197;3.1;2;0
METSN257400:0;58.58278;16.14694;41;3.6;2;0
METSN212100:0;66.68167;16.10889;614;-8.1;2;0
METSN224300:0;63.68389;16.95;219;-0.3;2;0
METSN229700:0;64.48139;21.57917;40;-4.5;2;0
METSN255000:0;57.75139;14.06917;220;3.2;2;0
METSN26350:0;60.1358;9.4391;143;0;2;0
METSN250700:0;58.66083;11.41778;80;4.6;2;0
METSN230800:0;62.45028;12.67028;723;0;2;0
METSN210300:0;65.78;15.06444;793;-6.6;2;0
METSN261500:0;55.38361;12.81667;2;6;2;0
METSN267000:0;56.68333;16.3;6;4.9;2;0
METSN210100:0;65.80611;15.08278;458;-2.7;2;0
METSN222600:0;63.19556;14.50028;375;0.8;2;0
METSN220700:0;63.28278;12.12194;583;2.3;2;0
METSN203600:0;67.85417;19.02556;467;-11.5;2;0
METSN261800:0;56.94944;13.06028;133;5.3;2;0
METSN251800:0;57.30389;11.90639;2;5.3;2;0
METSN223100:0;63.67722;14.60806;362;0.3;2;0
METSN263500:0;55.57139;13.07361;20;6.5;2;0
METSN224700:0;63.15222;16.17333;183;0.7;2;0
METSN220900:0;63.04472;12.27778;1030;-1.1;2;0
METSN223000:0;64.21833;15.55639;310;-0.6;2;0
METSN266400:0;56.26694;15.26806;58;5.6;2;0
METSN202400:0;67.49639;18.29444;425;-8.8;2;0
METSN213000:0;66.48611;16.41722;481;-7.7;2;0
METSN252000:0;58.42889;12.71389;54;3.4;2;0
METSN225400:0;64.16611;17.31889;307;-1.7;2;0
METSN262500:0;55.48889;14.31722;4;6.1;2;0
METSN282300:0;67.95833;23.68472;236;-11.6;2;0
METSN218400:0;66.81056;22.33639;228;-9.8;2;0
METSN246900:0;59.17889;17.91278;45;3.6;2;0
METSN256500:0;57.38444;15.80111;96;4.3;2;0
METSN219100:0;65.69833;23.10083;4;-5.1;2;0
METSN232900:0;61.66056;14.995;454;0.2;2;0
METSN215400:0;65.86778;20.15417;182;-5.5;2;0
METSN224500:0;64.58111;16.84222;348;-2;2;0
METSN255700:0;57.88639;15.86556;90;3.1;2;0
METSN205500:0;68.67778;21.5275;402;-11.8;2;0
METSN226300:0;64.07556;18.36556;327;-2.9;2;0
METSN235500:0;61.70333;17.52528;9;2.3;2;0
METSN240800:0;59.22194;12.07806;170;3.5;2;0
METSN240700:0;60.67639;13.70722;303;1.7;2;0
METSN218600:0;65.54444;22.12806;17;-4.6;2;0
METSN243500:0;60.42917;15.50083;145;2.2;2;0
METSN208100:0;68.44194;22.44361;330;-11.5;2;0
METSN256300:0;58.25056;17.01056;14;4.2;2;0
METSN201900:0;68.42028;18.16806;514;-8.4;2;0
METSN232700:0;62.04611;14.40694;357;0.9;2;0
METSN241800:0;59.44472;13.3375;107;3.3;2;0
METSN245600:0;60.23583;17.90444;33;2.8;2;0
METSN267900:0;56.92111;18.15056;34;4.8;2;0
METSN250000:0;58.89194;11.00389;33;5.6;2;0
METSN266100:0;56.845;15.47222;230;4.3;2;0
METSN254000:0;58.60694;12.1975;174;3.4;2;0
METSN226500:0;63.65139;18.55028;182;-1.6;2;0
METSN250500:0;58.09417;11.33361;16;5.6;2;0
METSN219700:0;65.82361;24.11139;13;-8.2;2;0
METSN202900:0;67.91139;18.60722;1145;-13.6;2;0
METSN270100:0;69.0428;20.851;1002;-17;2;0
METSN261100:0;56.03056;12.76528;43;5.9;2;0
METSN221700:0;63.37361;13.16056;435;-0.5;2;0
METSN243200:0;59.22889;15.04556;54;3.2;2;0
METSN251300:0;57.71556;11.9925;2;6.5;2;0
METSN236600:0;62.52278;17.44944;5;1.1;2;0
METSN241300:0;60.75694;12.77213;205;2;2;0
METSN266700:0;56.14306;15.58667;2;5.4;2;0
METSN228700:0;63.80694;20.86444;6;-4.5;2;0
METSN244000:0;60.96222;16.43111;162;1.5;2;0
METSN201300:0;67.727;17.4712;542;-6.9;2;0
METSN223600:0;63.76944;15.33111;375;-0.1;2;0
METSN218800:0;65.31306;22.37556;2;-3.4;2;0
METSN219900:0;66.62361;23.46806;132;-9.2;2;0
METSN212400:0;66.05139;17.83972;431;-7.2;2;0
METSN275000:0;59.84389;23.24833;3;-3.3;2;0
METSN226000:0;63.12528;18.25556;142;-0.3;2;0
METSN246400:0;59.36528;17.89778;15;3.7;2;0
METSN211900:0;66.88722;18.01972;315;-8.1;2;0
METSN204900:0;67.14222;20.64583;359;-11.1;2;0
METSN249800:0;59.44222;19.50222;12;3.2;2;0
METSN283500:0;68.84917;28.29944;121;-11.5;2;0
METSN256700:0;58.74361;17.87194;18;4.3;2;0
METSN262300:0;55.86333;13.66889;114;5.8;2;0
METSN264400:0;56.19778;16.40361;2;5.7;2;0
METSN212600:0;65.00944;17.69944;275;-4.9;2;0
METSN280700:0;68.60778;27.41389;147;-13.3;2;0
METSN210200:0;65.09444;14.50861;1036;-5.3;2;0
METSN262900:0;56.27444;13.93778;103;5.2;2;0
METSN256200:0;58.39806;15.52583;93;3.1;2;0
METSN221900:0;64.50444;14.22083;553;-1.1;2;0
METSN206400:0;67.33778;22.23361;240;-10.3;2;0
METSN241100:0;59.67472;12.63806;66;3.6;2;0
METSN263200:0;55.95583;15.70778;2;6;2;0
METSN262800:0;56.01389;14.84944;60;5.7;2;0
METSN250100:0;58.57611;11.06611;22;5.8;2;0
METSN209500:0;67.20361;23.39;164;-9.8;2;0
METSN259000:0;57.66667;18.35;51;4.2;2;0
METSN215100:0;66.48333;20.16667;275;-7.4;2;0
METSN258900:0;58.39444;19.19778;16;3.7;2;0
METSN264800:0;56.84639;14.8325;199;4.6;2;0
METSN245200:0;59.29944;14.89861;219;2.1;2;0
METSN62200:0;62.8275;7.6048;210;4;3;0
METSN42700:0;58.3702;6.6315;150;5.3;3;0
METSN91728:0;70.0662;20.5647;30;-4.7;3;0
METSN54330:0;61.0795;7.8478;410;4.7;3;0
METSN1135:0;58.99;11.5408;160;3.3;3;0
METSN18265:0;59.962;10.975;188;3.4;3;0
METSN49955:0;60.5157;6.9147;9;8.7;3;0
METSN55705:0;61.2017;7.2098;170;3.9;3;0
METSN72200:0;64.3398;11.2813;38;2.1;3;0
METSN76928:0;65.32285;7.3156;68;7.7;3;0
METSN57380:0;61.5158;6.657;346;6.3;3;0
METSN53280:0;60.861;7.1048;15;4.6;3;0
METSN69520:0;63.3407;12.0385;465;3.5;3;0
METSN50526:0;60.3725;5.1738;50;7;3;0
METSN33990:0;59.8498;7.0873;990;-0.8;3;0
METSN36010:0;58.5738;8.8413;60;4.5;3;0
METSN91010:0;69.656;19.5678;20;-4.3;3;0
METSN61070:0;62.5325;6.949;305;6.3;3;0
METSN18410:0;59.941;10.798;140;4.2;3;0
METSN69625:0;63.622;11.0718;30;5.6;3;0
METSN57030:0;61.3592;5.1728;62;4.5;3;0
METSN54770:0;61.2722;7.766;50;7.1;3;0
METSN25040:0;60.786;8.7443;570;-0.4;3;0
METSN97470:0;69.3772;24.2018;324;-12.3;3;0
METSN64242:0;63.0857;7.7978;40;8.5;3;0
METSN11340:0;60.4548;10.643;620;1.2;3;0
METSN52452:0;60.5225;5.267;17;7.1;3;0
METSN37580:0;59.3445;7.71;816;0.4;3;0
METSN53990:0;60.7418;7.5748;1160;-0.9;3;0
METSN50245:0;60.3643;5.6942;39;4.7;3;0
METSN38250:0;58.1995;8.1865;35;6.2;3;0
METSN37070:0;58.9032;8.562;160;3.4;3;0
METSN17090:0;59.3503;10.897;50;4.8;3;0
METSN67005:0;63.3297;9.9983;71;5.4;3;0
METSN85645:0;67.9627;13.1543;54;1.6;3;0
METSN67153:0;63.3237;10.2438;13;6.8;3;0
METSN21700:0;61.0102;10.1453;796;-0.2;3;0
METSN78910:0;64.6933;12.3295;67;5.4;3;0
METSN11690:0;60.6125;10.6308;410;1.6;3;0
METSN27065:0;59.531;10.2643;25;3.8;3;0
METSN26230:0;60.041;9.5908;108;-0.1;3;0
METSN69661:0;62.0385;6.4187;80;5.7;3;0
METSN40005:0;59.0283;7.548;235;0;3;0
METSN67650:0;62.9637;10.8718;218;4.3;3;0
METSN94640:0;71.1575;25.7742;296;-8.9;3;0
METSN11060:0;60.3712;11.3588;322;2.3;3;0
METSN13390:0;61.5298;10.0747;185;2.6;3;0
METSN87315:0;68.6178;15.7593;30;0.9;3;0
METSN50770:0;60.4612;5.3888;80;4.4;3;0
METSN71385:0;63.6965;10.2425;232;4.1;3;0
METSN27055:0;59.5735;10.181;75;2;3;0
METSN20470:0;60.2822;10.5295;385;2.2;3;0
METSN80050:0;66.2862;13.2882;320;-0.5;3;0
METSN18280:0;59.9865;10.9287;225;2.9;3;0
METSN24820:0;60.5325;9.1548;159;-1.5;3;0
METSN26450:0;60.3667;9.186;890;-1.2;3;0
METSN41795:0;58.111;7.2092;150;4.8;3;0
METSN55735:0;61.3473;6.8745;521;2.9;3;0
METSN24350:0;60.0518;10.049;135;2.6;3;0
METSN82020:0;67.223;15.4125;90;-1.8;3;0
METSN70390:0;63.656;12.2143;430;0.9;3;0
METSN55260:0;61.5482;7.8702;1304;-1.4;3;0
METSN15050:0;61.8412;8.5845;379;2.5;3;0
METSN53230:0;60.8935;7.0557;490;5.1;3;0
METSN90360:0;69.5463;19.0087;80;-4.1;3;0
METSN52360:0;60.7915;5.6238;325;2.4;3;0
METSN63000:0;62.7997;8.166;37;3.1;3;0
METSN17400:0;59.4765;10.79;30;5;3;0
METSN91890:0;69.8978;21.6073;390;-9.1;3;0
METSN60835:0;62.4913;6.72544;4;8.9;3;0
METSN91715:0;70.0033;20.8985;25;-4.5;3;0
METSN75190:0;64.8487;11.2322;35;5.6;3;0
METSN51610:0;60.6438;6.4355;81;2.5;3;0
METSN30246:0;59.0645;9.9418;65;4;3;0
METSN41005:0;58.086;7.6202;80;5.6;3;0
METSN27730:0;59.1828;10.2077;100;4.8;3;0
METSN2560:0;59.8388;11.3625;204;2.6;3;0
METSN19430:0;59.8923;10.5403;3;7;3;0
METSN51210:0;60.6123;5.8335;5;2.9;3;0
METSN3480:0;59.546;11.4535;158;3.6;3;0
METSN82210:0;67.2878;14.5932;30;0.3;3;0
METSN55520:0;61.345;7.2623;249;1.5;3;0
METSN17650:0;59.6002;10.7395;75;4.4;3;0
METSN41990:0;58.2205;6.9238;220;5.2;3;0
METSN70980:0;64.1492;11.7635;100;4.2;3;0
METSN60980:0;62.5082;6.0762;17;9.5;3;0
METSN22690:0;60.632;9.8953;170;-0.3;3;0
METSN1380:0;59.376;11.3027;130;4.1;3;0
METSN16265:0;61.8783;9.4153;380;2.1;3;0
METSN1960:0;59.51;11.6107;208;2.6;3;0
METSN68238:0;63.3478;10.3695;140;6.3;3;0
METSN57365:0;61.5027;6.1298;210;5.9;3;0
METSN50830:0;60.4213;5.461;20;6;3;0
METSN87763:0;68.6269;16.5921;20;-0.2;3;0
METSN31855:0;59.5873;8.585;335;-1.6;3;0
METSN94235:0;70.5458;23.7303;25;-6.7;3;0
METSN58770:0;61.9032;6.026;71;4.9;3;0
METSN4590:0;60.2755;10.7475;415;1.7;3;0
METSN24230:0;60.2225;9.8408;210;0;3;0
METSN65275:0;63.228;9.3853;350;4.5;3;0
METSN56895:0;61.3457;6.3215;451;4;3;0
METSN13110:0;61.1697;10.4107;205;1.8;3;0
METSN79791:0;66.5548;15.3235;676;-8;3;0
METSN79253:0;66.1657;14.5837;533;-3;3;0
METSN52555:0;60.7928;5.0218;25;6;3;0
METSN6170:0;60.624;11.9425;189;2.3;3;0
METSN60670:0;62.3285;7.0663;318;6;3;0
METSN52940:0;60.941;5.4988;220;5.4;3;0
METSN30247:0;59.1005;9.771;130;3.7;3;0
METSN34115:0;58.9675;9.4837;77;4.6;3;0
METSN24240:0;60.2588;9.8453;212;1;3;0
METSN13125:0;61.2865;10.2868;200;1.9;3;0
METSN48170:0;59.9127;5.488;60;6.4;3;0
METSN87117:0;69.271;16.0402;45;0.1;3;0
METSN91675:0;69.7537;20.506;55;-5.1;3;0
METSN35110:0;58.851;9.1197;85;2.7;3;0
METSN59210:0;61.9292;5.1213;10;8.3;3;0
METSN54815:0;61.2747;8.1385;1080;-1.7;3;0
METSN76929:0;57.8188;4.5345;50;7.3;3;0
METSN61408:0;62.4888;7.7612;55;8.6;3;0
METSN94195:0;70.2784;24.1009;238;-10.3;3;0
METSN44985:0;58.8933;6.6665;660;1.6;3;0
METSN27295:0;59.3037;10.1975;20;3.6;3;0
METSN26970:0;59.6625;10.3802;7;3.6;3;0
METSN4950:0;60.1468;11.494;145;3.5;3;0
METSN70960:0;64.3333;12.341;215;2.4;3;0
METSN83960:0;68.2565;16.3953;252;-0.7;3;0
METSN78170:0;66.053;13.5822;155;1;3;0
METSN59586:0;62.3468;5.9143;132;6.9;3;0
METSN19815:0;59.6415;10.6038;12;5;3;0
METSN94430:0;70.9352;24.6713;127;-7.9;3;0
METSN15950:0;62.0105;7.3928;930;-1.6;3;0
METSN34370:0;58.9397;9.3323;60;3.3;3;0
METSN37600:0;59.2842;8.0895;326;0.9;3;0
METSN86810:0;68.781;14.4898;8;1;3;0
METSN87970:0;68.6207;17.6513;280;-2.7;3;0
METSN38150:0;58.2968;8.462;70;5.8;3;0
METSN58670:0;61.9078;7.0588;32;9.6;3;0
METSN3990:0;59.7582;11.2923;179;3.3;3;0
METSN30280:0;59.1255;9.5077;10;4.1;3;0
METSN4543:0;60.157;10.7217;235;2.5;3;0
METSN28450:0;59.6112;9.4545;390;1.6;3;0
METSN98265:0;70.5292;29.0918;225;-11.4;3;0
METSN1600:0;59.2543;11.6843;120;2.6;3;0
METSN20932:0;68.2252;15.4733;0;1.9;3;0
METSN53010:0;60.9692;6.5055;910;0.9;3;0
METSN91420:0;69.2852;20.4657;148;-10.6;3;0
METSN4825:0;59.942;11.3015;145;2.4;3;0
METSN57830:0;61.8325;5.4587;374;4.9;3;0
METSN54645:0;61.1677;8.0413;934;0.3;3;0
METSN27870:0;59.2737;9.9268;52;3.1;3;0
METSN32540:0;59.2728;9.2802;50;2.8;3;0
METSN76245:0;65.2702;12.1457;18;5;3;0
METSN81760:0;66.7525;15.8227;601;-7.8;3;0
METSN61790:0;62.571;7.783;27;5.4;3;0
METSN82970:0;67.7463;15.9142;326;-1.7;3;0
METSN71230:0;63.7905;10.7303;225;0.6;3;0
METSN22990:0;60.9532;9.3343;425;-0.8;3;0
METSN92895:0;70.0398;22.2573;40;-7.5;3;0
METSN16620:0;62.1807;9.4752;930;0.1;3;0
METSN56250:0;61.2922;5.827;140;3.5;3;0
METSN23300:0;60.8175;9.1185;830;-1.1;3;0
METSN11440:0;60.5878;11.147;140;2.6;3;0
METSN90630:0;69.903;19.4737;8;0.5;3;0
METSN48069:0;59.7372;5.3795;20;7.2;3;0
METSN76958:0;65.1103;6.7912;114;7.9;3;0
METSN50507:0;60.331;5.2992;90;6.1;3;0
METSN4960:0;60.2688;11.4792;130;3.2;3;0
METSN40905:0;59.6407;7.4553;915;0.8;3;0
METSN33555:0;59.6203;7.8332;490;0.1;3;0
METSN88010:0;68.6753;17.9052;344;-4.3;3;0
METSN3005:0;59.1778;11.2075;40;4.8;3;0
METSN47730:0;59.8735;6.3815;4;5.3;3;0
METSN91480:0;69.1467;20.7468;510;-12.1;3;0
METSN2480:0;59.8438;11.7178;171;3.7;3;0
METSN42490:0;58.5047;7.0787;470;2.6;3;0
METSN4827:0;59.9542;11.203;128;3.1;3;0
METSN46425:0;59.8228;6.7383;789;1.7;3;0
METSN67340:0;62.8613;10.0213;425;3;3;0
METSN63595:0;62.5818;9.2136;212;4;3;0
METSN39450:0;58.3085;7.8125;280;3.6;3;0
METSN91490:0;69.1185;20.7455;545;-12.4;3;0
METSN58705:0;61.9878;7.3288;1400;-4.2;3;0
METSN89233:0;69.0917;18.2972;170;-6;3;0
METSN94805:0;70.7765;25.6297;10;-5.5;3;0
METSN19923:0;59.819;10.33;250;3;3;0
METSN90305:0;69.4338;19.2608;69;-2.4;3;0
METSN84910:0;68.516;17.8725;400;-8.4;3;0
METSN82130:0;67.3312;15.162;5;-1.1;3;0
METSN34095:0;58.9817;9.6068;50;2.8;3;0
METSN46410:0;59.7528;6.7898;403;4.6;3;0
METSN32290:0;59.4895;8.6443;125;3;3;0
METSN60247:0;62.028;6.7288;391;5.6;3;0
METSN17895:0;59.794;10.76;110;3.3;3;0
METSN80730:0;66.8815;13.6675;10;4.6;3;0
METSN57150:0;61.4413;5.8222;247;4;3;0
METSN76925:0;64.352;7.77915;55;7.8;3;0
METSN58165:0;61.6093;6.5288;224;7.3;3;0
METSN25580:0;60.5825;8.3213;667;-1;3;0
METSN48070:0;59.7465;5.4025;20;7.3;3;0
METSN63940:0;62.2767;9.5877;940;-0.7;3;0
METSN67210:0;63.1385;10.255;40;6.2;3;0
METSN12666:0;61.108;10.442;130;2.7;3;0
METSN97120:0;69.7563;26.1457;120;-10.1;3;0
METSN54740:0;61.1883;7.6218;35;8.1;3;0
METSN77403:0;65.2168;13.3683;355;1.3;3;0
METSN88628:0;69.4988;17.511;20;0.3;3;0
METSN9250:0;62.1838;9.7182;808;-0.4;3;0
METSN50506:0;60.353;5.3383;15;6.5;3;0
METSN17550:0;59.5177;10.7252;25;4.5;3;0
METSN62950:0;62.9712;7.7793;43;10;3;0
METSN19830:0;59.548;10.4922;165;4.1;3;0
METSN31560:0;59.7978;8.258;959;-0.8;3;0
METSN39212:0;58.1412;7.9397;80;5.7;3;0
METSN58060:0;61.7392;6.3913;82;7.7;3;0
METSN55970:0;61.1645;6.2087;20;8;3;0
METSN76930:0;66.0256;8.085;33;7;3;0
METSN24670:0;60.2684;9.6919;153;0.1;3;0
METSN29700:0;60.3738;8.4885;1035;-1.7;3;0
METSN99420:0;69.6873;30.005;60;-11.4;3;0
METSN84380:0;68.371;17.2438;30;0;3;0
METSN18690:0;59.9112;10.7043;20;4.4;3;0
METSN61580:0;62.2943;8.1255;450;3.4;3;0
METSN50360:0;60.3982;5.6502;250;4.2;3;0
METSN64590:0;63.097;9.4367;295;5.6;3;0
METSN98630:0;70.2453;30.5303;25;-5.3;3;0
METSN31700:0;59.8703;8.9267;200;2.1;3;0
METSN16845:0;62.147;8.6903;620;2.9;3;0
METSN52390:0;60.626;5.4722;100;4.9;3;0
METSN54731:0;61.1783;8.1527;1010;-1;3;0
METSN59860:0;62.27;5.9918;20;8.8;3;0
METSN13760:0;61.3892;8.8103;1390;-3.8;3;0
METSN69280:0;63.4652;11.4957;90;4.5;3;0
METSN50040:0;60.4437;6.4865;93;7;3;0
METSN19660:0;59.9475;10.3855;250;2;3;0
METSN18240:0;59.9378;10.8905;160;4;3;0
METSN23670:0;61.1375;8.8175;406;-3.7;3;0
METSN76933:0;63.49;5.015;0;8.5;3;0
METSN57630:0;61.5647;5.6658;190;2.4;3;0
METSN48061:0;59.7973;5.1872;13;6.8;3;0
METSN26640:0;59.7025;9.7773;155;2.4;3;0
METSN51940:0;60.7855;6.4997;215;1;3;0
METSN58990:0;61.9347;5.395;23;5.7;3;0
METSN58030:0;61.7503;5.9467;7;7.5;3;0
METSN51597:0;60.6147;6.5332;237;2.6;3;0
METSN73210:0;64.491;13.1005;467;-0.5;3;0
FMI100683:fmi;60.30373;25.54916;2;-5;11;0
FMI100907:fmi;60.12735;19.90038;2;2;11;0
FMI100908:fmi;59.77909;21.37479;6;0.7;11;0
FMI100909:fmi;59.95911;19.95374;9;2.5;11;0
FMI100917:fmi;60.17824;19.98686;11;1.6;11;0
FMI100919:fmi;60.30098;19.13142;3;2.7;11;0
FMI100921:fmi;59.50454;20.34748;4;2.3;11;0
FMI100924:fmi;60.11163;21.69828;3;-0.6;11;0
FMI100928:fmi;60.25823;20.74698;23;0.7;11;0
FMI100932:fmi;59.77363;22.94868;6;-2.7;11;0
FMI100934:fmi;60.3869;22.55183;6;-4.5;11;0
FMI100945:fmi;59.86949;22.19343;10;-1.1;11;0
FMI100946:fmi;59.80864;22.91246;10;-2.7;11;0
FMI100947:fmi;60.37788;22.0964;3;-3;11;0
FMI100949:fmi;60.45439;22.1787;8;-4.1;11;0
FMI100951:fmi;60.17123;22.75768;12;-4.3;11;0
FMI100955:fmi;60.37392;23.11292;2;-5;11;0
FMI100965:fmi;59.82076;23.57309;17;-4;11;0
FMI100967:fmi;60.46415;23.64976;117;-6.6;11;0
FMI100968:fmi;60.3267;24.95675;51;-5.9;11;0
FMI100969:fmi;59.93114;24.01408;13;-4.6;11;0
FMI100971:fmi;60.17523;24.94459;3;-5.3;11;0
FMI100974:fmi;60.24446;24.04951;36;-5.7;11;0
FMI100976:fmi;60.41875;24.39862;39;-5.9;11;0
FMI100996:fmi;60.10512;24.97539;6;-5;11;0
FMI100997:fmi;59.91982;24.35023;2;-4.9;11;0
FMI101003:fmi;59.94898;24.92631;0;-5.8;11;0
FMI101004:fmi;60.20307;24.96131;24;-5.7;11;0
FMI101009:fmi;60.25299;25.04549;15;-5.6;11;0
FMI101023:fmi;60.20382;25.62546;19;-5.3;11;0
FMI101028:fmi;60.39172;25.6073;22;-6.1;11;0
FMI101030:fmi;60.37538;26.95893;11;-7.2;11;0
FMI101039:fmi;60.27476;26.44759;1;-5.7;11;0
FMI101042:fmi;60.28676;27.18482;4;-7.6;11;0
FMI101044:fmi;61.46011;21.80839;11;-5.3;11;0
FMI101059:fmi;60.7222;21.02681;5;-1.2;11;0
FMI101061:fmi;61.14475;21.30273;4;-3.9;11;0
FMI101064:fmi;61.47893;21.7832;9;-5.2;11;0
FMI101065:fmi;60.51565;22.27916;45;-4.8;11;0
FMI101103:fmi;61.25294;22.34613;38;-5.6;11;0
FMI101104:fmi;60.81397;23.49825;104;-6.3;11;0
FMI101118:fmi;61.4194;23.62256;112;-6.7;11;0
FMI101124:fmi;61.46561;23.74678;85;-6.7;11;0
FMI101128:fmi;60.64668;23.80559;142;-6.8;11;0
FMI101130:fmi;60.59589;24.80297;86;-6.6;11;0
FMI101149:fmi;60.50872;24.65375;110;-6.6;11;0
FMI101150:fmi;60.9992;24.49163;87;-6.6;11;0
FMI101151:fmi;61.11454;24.32449;87;-6.7;11;0
FMI101154:fmi;61.05408;25.03844;125;-7.7;11;0
FMI101185:fmi;61.26521;25.52021;79;-8.4;11;0
FMI101191:fmi;60.89839;26.94882;102;-10.5;11;0
FMI101194:fmi;60.6965;26.81106;31;-8.8;11;0
FMI101196:fmi;61.20008;26.04967;93;-9.5;11;0
FMI101237:fmi;61.0403;28.12916;104;-11.6;11;0
FMI101247:fmi;61.05754;28.20873;103;-11.5;11;0
FMI101252:fmi;61.1982;28.47308;77;-10.6;11;0
FMI101254:fmi;61.44467;29.46108;74;-8.9;11;0
FMI101256:fmi;62.33382;21.19081;5;-4.2;11;0
FMI101267:fmi;61.63042;21.3762;3;-4.2;11;0
FMI101268:fmi;62.20324;21.16983;0;-4.3;11;0
FMI101272:fmi;62.18329;22.79983;162;-7.2;11;0
FMI101289:fmi;62.41345;22.18372;93;-6.1;11;0
FMI101291:fmi;61.83864;22.46368;123;-6.5;11;0
FMI101310:fmi;62.32783;23.54228;138;-8.3;11;0
FMI101311:fmi;61.51757;23.75388;96;-6.8;11;0
FMI101315:fmi;61.85551;24.80459;144;-9.2;11;0
FMI101317:fmi;61.84591;24.28696;154;-8.5;11;0
FMI101339:fmi;62.39758;25.67087;139;-9.3;11;0
FMI101362:fmi;61.70448;25.50529;80;-9.1;11;0
FMI101367:fmi;61.87942;26.09478;145;-10.1;11;0
FMI101398:fmi;61.6886;27.20219;99;-10;11;0
FMI101418:fmi;61.8923;27.88528;110;-9.5;11;0
FMI101421:fmi;62.32221;27.90785;83;-7.9;11;0
FMI101430:fmi;61.94638;28.93238;92;-8.1;11;0
FMI101441:fmi;61.80186;29.31506;79;-7.9;11;0
FMI101459:fmi;62.23539;30.34662;91;-11.9;11;0
FMI101462:fmi;63.05858;21.7546;4;-5.6;11;0
FMI101464:fmi;63.43508;21.06856;4;-5.1;11;0
FMI101481:fmi;62.97839;20.74006;2;-3.2;11;0
FMI101485:fmi;63.09871;21.63938;7;-5.5;11;0
FMI101486:fmi;62.93808;22.48878;26;-6.5;11;0
FMI101503:fmi;63.12033;23.04364;42;-6.7;11;0
FMI101520:fmi;62.55461;24.14239;161;-8.9;11;0
FMI101528:fmi;63.44564;24.44422;153;-8.8;11;0
FMI101533:fmi;63.08898;24.26084;171;-8.9;11;0
FMI101536:fmi;62.51044;24.80764;227;-9.8;11;0
FMI101537:fmi;63.08225;25.85862;130;-8.6;11;0
FMI101555:fmi;62.92178;26.4247;121;-8.5;11;0
FMI101570:fmi;62.99842;27.80817;94;-9.1;11;0
FMI101572:fmi;63.14343;27.31317;91;-8.7;11;0
FMI101580:fmi;62.79892;27.90495;86;-8.7;11;0
FMI101586:fmi;62.89256;27.63331;87;-8.5;11;0
FMI101603:fmi;63.37806;28.66166;164;-10.8;11;0
FMI101608:fmi;62.65695;29.63608;112;-10.9;11;0
FMI101609:fmi;63.23236;29.23397;115;-11.1;11;0
FMI101628:fmi;62.54601;29.66818;78;-10.3;11;0
FMI101632:fmi;62.60179;29.72713;79;-10.7;11;0
FMI101636:fmi;63.32108;30.04578;99;-12.6;11;0
FMI101649:fmi;63.14166;31.04454;237;-15.7;11;0
FMI101651:fmi;62.76942;30.97467;156;-14.8;11;0
FMI101660:fmi;63.75144;22.52282;2;-5.7;11;0
FMI101661:fmi;63.95114;22.84537;5;-6.5;11;0
FMI101662:fmi;63.72655;23.14359;25;-6.9;11;0
FMI101673:fmi;64.33073;23.44627;3;-5.5;11;0
FMI101675:fmi;63.83882;23.09715;5;-6.8;11;0
FMI101689:fmi;63.82133;24.16323;84;-8.1;11;0
FMI101690:fmi;64.05029;24.72468;76;-7.9;11;0
FMI101695:fmi;64.14263;25.42335;112;-8.6;11;0
FMI101705:fmi;63.73589;25.70573;152;-8.8;11;0
FMI101725:fmi;64.2829;27.67114;132;-10.4;11;0
FMI101726:fmi;63.8409;27.22061;206;-10.3;11;0
FMI101743:fmi;63.6673;28.82927;114;-11.4;11;0
FMI101756:fmi;64.11197;28.33639;161;-11.1;11;0
FMI101773:fmi;64.2976;30.17061;196;-14.6;11;0
FMI101775:fmi;64.61178;23.89674;0;-6.1;11;0
FMI101776:fmi;65.01967;24.72758;6;-7.7;11;0
FMI101783:fmi;65.38508;24.09568;0;-6.4;11;0
FMI101784:fmi;65.03975;24.56118;7;-7.7;11;0
FMI101785:fmi;64.66589;24.40695;2;-6.9;11;0
FMI101786:fmi;64.93503;25.3392;13;-8;11;0
FMI101787:fmi;64.68421;25.08919;48;-8;11;0
FMI101794:fmi;65.0064;25.39321;3;-7.8;11;0
FMI101799:fmi;64.93698;25.37299;11;-8;11;0
FMI101800:fmi;64.50144;26.42386;113;-9.1;11;0
FMI101805:fmi;65.40014;26.96311;120;-9.8;11;0
FMI101826:fmi;64.93125;28.74672;222;-12.7;11;0
FMI101831:fmi;64.66404;28.05673;341;-12.7;11;0
FMI101840:fmi;65.78944;24.58278;11;-8.2;11;0
FMI101846:fmi;65.67319;24.5152;2;-8.2;11;0
FMI101851:fmi;65.84733;24.17369;8;-8.1;11;0
FMI101873:fmi;65.97717;26.36757;161;-10.5;11;0
FMI101885:fmi;65.57489;28.21766;197;-11.9;11;0
FMI101886:fmi;65.99334;29.22715;265;-14.5;11;0
FMI101887:fmi;66.36999;29.31193;164;-15.7;11;0
FMI101899:fmi;66.32027;29.39967;298;-14.9;11;0
FMI101908:fmi;66.52952;24.6496;93;-9.3;11;0
FMI101914:fmi;66.77278;23.96303;85;-9.1;11;0
FMI101920:fmi;66.56236;25.83814;189;-10.7;11;0
FMI101928:fmi;66.49832;25.7088;85;-9.4;11;0
FMI101932:fmi;67.36663;26.62901;179;-11.6;11;0
FMI101933:fmi;66.57944;26.01094;106;-9.7;11;0
FMI101950:fmi;66.71556;27.15906;208;-11.5;11;0
FMI101952:fmi;67.28296;28.1786;180;-12.1;11;0
FMI101958:fmi;67.02204;27.2184;491;-14.2;11;0
FMI101959:fmi;66.8166;28.68829;218;-13;11;0
FMI101966:fmi;67.16226;29.17766;213;-13.8;11;0
FMI101976:fmi;68.3614;23.42755;308;-11.1;11;0
FMI101982:fmi;68.06284;24.03335;760;-14.8;11;0
FMI101983:fmi;67.97328;24.11559;555;-13.4;11;0
FMI101985:fmi;67.99997;24.24001;340;-11.9;11;0
FMI101986:fmi;67.69168;24.85538;195;-10.7;11;0
FMI101990:fmi;67.65202;24.90179;181;-10.7;11;0
FMI101994:fmi;68.16961;25.78316;276;-11.9;11;0
FMI102000:fmi;67.82147;27.74597;240;-11.3;11;0
FMI102001:fmi;68.08422;27.18501;247;-11.5;11;0
FMI102005:fmi;68.41506;27.41326;302;-11.3;11;0
FMI102006:fmi;68.43394;27.4441;437;-12.6;11;0
FMI102009:fmi;68.478;28.30123;253;-11.1;11;0
FMI102012:fmi;67.74858;29.61132;360;-13.4;11;0
FMI102016:fmi;69.03905;20.81379;482;-12;11;0
FMI102019:fmi;68.60301;23.57595;375;-11.8;11;0
FMI102026:fmi;68.90296;25.73646;285;-11.9;11;0
FMI102035:fmi;69.75637;27.00678;107;-12.1;11;0
FMI102036:fmi;70.08203;27.8965;22;-10.6;11;0
FMI102042:fmi;69.07219;27.4925;123;-12;11;0
FMI102047:fmi;69.14089;27.26567;156;-11.9;11;0
FMI102055:fmi;69.5825;28.89409;106;-12;11;0
FMI103794:fmi;60.62773;25.19342;83;-6.6;11;0
FMI104796:fmi;60.97465;25.6202;100;-8.2;11;0
FMI105392:fmi;60.10121;25.19439;8;-5.1;11;0
FMI105427:fmi;61.13658;21.51518;15;-4.7;11;0
FMI107029:fmi;60.48595;26.59209;21;-7.3;11;0
FMI107113:fmi;63.99618;28.05972;212;-11;11;0
FMI107201:fmi;66.15344;24.9901;38;-8.7;11;0
FMI107565:fmi;67.7687;29.21102;223;-13.8;11;0
FMI126736:fmi;64.21678;27.75194;160;-10.6;11;0
FMI129963:fmi;69.04851;27.75679;120;-10.6;11;0
FMI137188:fmi;62.68571;22.84272;87;-7.3;11;0
FMI150168:fmi;61.52242;28.18491;98;-10.1;11;0
FMI151028:fmi;60.20867;25.1959;2;-5.1;11;0
FMI151029:fmi;60.09136;19.9291;2;2;11;0
FMI151048:fmi;60.11584;20.29765;10;1.3;11;0
FMI852678:fmi;60.29128;24.56782;90;-6.3;11;0
FMI874863:fmi;60.17797;24.78743;6;-5.4;11;0
SMHI188790;68.3538;18.8164;392.3;-8.2;21;0
SMHI97280;59.3579;17.5213;5.6;3.9;21;0
SMHI159880;65.5941;19.2642;382.4;-7;21;0
SMHI84340;58.571;14.557;88.5;3.7;21;0
SMHI98040;59.068;18.115;4.3;3.7;21;0
SMHI161940;65.814;21.635;25.2;-4.8;21;0
SMHI5032;58.4488;16.3651;0;3.4;21;0
SMHI127130;62.2198;17.739;18.1;1.8;21;0
SMHI157870;65.558;17.8554;394;-6.7;21;0
SMHI123460;62.7548;13.8427;467.2;0.7;21;0
SMHI94390;59.6612;14.1803;133.1;2.7;21;0
SMHI116490;61.8264;16.5385;70.7;0.9;21;0
SMHI123060;62.0936;13.6086;566.6;0.4;21;0
SMHI115220;61.3607;15.7144;183.6;1.2;21;0
SMHI107440;60.7298;17.5584;3.7;2;21;0
SMHI97370;59.65;17.12;24.6;3.4;21;0
SMHI96190;59.3821;16.4526;12.6;3.6;21;0
SMHI96040;59.0558;16.3944;31.3;3.4;21;0
SMHI23059;63.0117;16.6604;0;0.6;21;0
SMHI78550;57.9165;18.9533;12.8;4.2;21;0
SMHI76420;57.7068;16.4526;35.3;4.6;21;0
SMHI20044;60.2409;16.0283;0;2.7;21;0
SMHI103100;60.1533;13.799;187.2;2.4;21;0
SMHI107420;60.7161;17.1607;16.1;2.7;21;0
SMHI84520;58.8768;14.3875;210.7;2.9;21;0
SMHI72420;57.6764;12.2919;154;4.8;21;0
SMHI74180;57.292;14.137;169.6;4.7;21;0
SMHI62260;56.4496;12.5453;9.2;5.7;21;0
SMHI62410;56.6833;12.8167;31;6;21;0
SMHI146050;64.0875;16.2356;241.6;-0.2;21;0
SMHI11044;56.4337;12.7222;0;5.7;21;0
SMHI125440;62.7504;15.0845;343.2;0.6;21;0
SMHI83190;58.3218;13.0379;70.1;4.1;21;0
SMHI6057;57.8739;13.9349;0;3;21;0
SMHI139260;63.4351;19.6731;5.9;-1.3;21;0
SMHI84310;58.514;14.507;94.5;4;21;0
SMHI106160;60.2683;16.9738;55.7;3;21;0
SMHI85460;58.7162;15.0271;224.9;2.1;21;0
SMHI12000;55.6547;13.4064;0;5.9;21;0
SMHI180940;67.827;20.3387;459;-11.2;21;0
SMHI95540;59.8703;15.2522;283.2;1.7;21;0
SMHI124300;62.4952;14.1542;802.5;-1.1;21;0
SMHI86420;58.6892;16.3069;153.6;2.7;21;0
SMHI11039;56.2206;13.56;0;4.8;21;0
SMHI21041;61.9824;15.3149;0;0.5;21;0
SMHI171790;66.2789;21.1285;185;-6.8;21;0
SMHI180770;67.2551;20.2704;453.2;-11.1;21;0
SMHI63510;56.8525;13.8794;148.5;5;21;0
SMHI128390;62.6417;18.0899;14.3;1.4;21;0
SMHI148330;64.5481;18.713;210.1;-4.7;21;0
SMHI53300;55.5231;13.3787;72;6.1;21;0
SMHI158740;65.1512;18.5935;363.1;-6.3;21;0
SMHI104580;60.9601;14.5041;195.4;1.6;21;0
SMHI170930;66.7516;20.9238;327.6;-8.5;21;0
SMHI83420;58.6994;13.1084;53.3;4.1;21;0
SMHI149560;64.9253;19.3744;309.6;-6.6;21;0
SMHI182910;67.7301;22.8219;312.2;-11.1;21;0
SMHI11001;56.1342;13.3512;0;5.8;21;0
SMHI149340;64.5659;19.6943;258;-6.1;21;0
SMHI161710;65.034;21.5609;4.9;-3.2;21;0
SMHI73480;57.7846;13.1642;297.5;3.3;21;0
SMHI96560;59.9093;16.6843;56.6;2.5;21;0
SMHI98160;59.3446;18.7404;19.3;3.4;21;0
SMHI151380;64.6244;21.0717;48;-4.5;21;0
SMHI14013;57.7401;12.1345;0;6.3;21;0
SMHI11018;55.9565;13.927;0;6.2;21;0
SMHI97400;59.6269;17.9545;42;2.9;21;0
SMHI97200;59.3537;17.9513;14;3.7;21;0
SMHI105220;60.3817;15.1374;492.3;0.2;21;0
SMHI8027;57.4232;15.8252;0;3.9;21;0
SMHI23058;63.3178;12.0875;0;2;21;0
SMHI93520;59.8639;13.1166;108.9;3;21;0
SMHI98490;59.8317;18.6313;14.8;3;21;0
SMHI25060;67.6117;21.1062;0;-11.3;21;0
SMHI25009;65.7576;21.7637;0;-4.6;21;0
SMHI99450;59.7531;19.4054;14;3;21;0
SMHI169790;66.309;19.21;580.4;-8.3;21;0
SMHI74300;57.4981;14.4645;355.9;2.8;21;0
SMHI126290;62.4935;16.2742;99.1;0.8;21;0
SMHI72090;57.1134;12.7732;122.4;5.3;21;0
SMHI140480;63.7931;20.28;7.3;-3.8;21;0
SMHI97510;59.8471;17.632;23.5;3.2;21;0
SMHI97530;59.9;17.593;20.6;3.1;21;0
SMHI15060;57.3554;12.4618;0;5.7;21;0
SMHI71380;57.6322;11.6048;18.2;5.3;21;0
SMHI84050;58.0948;14.4058;93.6;4.7;21;0
SMHI25061;67.6673;21.6757;0;-10.7;21;0
SMHI22046;62.4295;14.9926;0;0.8;21;0
SMHI114140;61.2536;14.0355;251.6;1.2;21;0
SMHI161910;65.6691;21.062;43.4;-4.4;21;0
SMHI62180;56.2926;12.8558;17.6;6.2;21;0
SMHI77210;57.3671;17.0954;2.8;4.7;21;0
SMHI108320;60.5256;18.3729;6.5;2.6;21;0
SMHI78280;57.4408;18.9839;8.1;4.5;21;0
SMHI172770;66.2618;22.8427;61;-8.2;21;0
SMHI98230;59.3417;18.0549;43.1;3.8;21;0
SMHI14;57.8;12.5;90;5.7;21;0
SMHI15;57.72;11.95;5;6.5;21;0
SMHI16;57.7;11.9;5;6;21;0
SMHI4;57.8;14.2;120;4.9;21;0
SMHI113420;61.6909;13.1828;426.6;0.8;21;0
FMI101246:fmi;61.03879;28.56395;46;-12.4;12;1
FMI101436:fmi;62.06302;28.56618;79;-9.2;12;0
FMI806428:fmi;66.1716;29.13646;306;-15.5;12;0
METSN18315:0;59.919;10.7623;37;5.3;4;0
METSN18920:0;59.9573;10.671;177;3.3;4;0
METSN77040:0;67.0672;7.0958;52;5.6;4;0
METSN28750:0;59.8685;9.3995;183;0.5;4;0
METSN49910:0;60.5637;6.9325;42;6.8;4;0
METSN6840:0;61.1215;11.3633;230;0.9;6;0
METSN65060:0;63.1442;8.5602;25;7.1;6;0
METSN77350:0;65.3125;13.1427;402;0.3;6;0
METSN725:0;62.0818;12.132;826;-2.3;6;0
METSN66630:0;62.8763;9.8413;220;5.7;6;0
METSN8800:0;61.8645;10.9097;387;-1.6;6;0
METSN60860:0;62.4135;6.3272;2;10.5;6;0
METSN670:0;61.8405;11.9928;754;0.3;6;0
METSN17820:0;59.7718;10.832;111;4.2;6;0
METSN64970:0;63.0075;8.6638;244;2.4;6;0
METSN69190:0;63.338;11.0887;330;4.2;6;0
METSN96250:0;70.7278;27.497;338;-12.8;6;0
METSN2830:0;59.7267;11.4178;141;3.8;6;0
METSN69035:0;63.4262;10.664;133;6.3;6;0
METSN88430:0;69.2972;17.2905;363;-9.5;6;0
METSN12030:0;60.5545;11.2502;141;3.9;6;0
METSN60310:0;62.1362;7.1848;620;5.9;6;0
METSN81310:0;67.1978;14.6315;8;-0.7;6;0
METSN81420:0;67.0042;14.8982;600;-7.6;6;0
METSN66175:0;63.2307;9.7628;15;0.5;6;0
METSN12050:0;60.6215;11.2997;160;2.9;6;0
METSN66810:0;62.6692;10.1523;525;1.3;6;0
METSN74670:0;65.0627;13.3025;280;1.7;6;0
METSN58703:0;61.9632;7.2544;582;6;6;0
METSN11125:0;60.2852;11.1358;180;2.5;6;0
METSN56790:0;61.3229;5.7774;62;3.5;6;0
METSN90:0;61.1185;12.0647;575;0.5;6;0
METSN65530:0;63.554;9.0533;74;4.2;6;0
METSN79215:0;66.2298;13.8728;8;1.6;6;0
METSN61065:0;62.6112;7.1135;20;9.3;6;0
METSN61810:0;62.6578;8.0425;500;6;6;0
METSN67890:0;62.7403;11.3245;700;1.1;6;0
METSN81315:0;67.2313;14.6125;21;-0.3;6;0
METSN91460:0;69.1818;20.7503;408;-12;6;0
METSN30242:0;58.9928;9.9232;10;6;6;0
METSN19663:0;59.964;10.3435;340;1.5;6;0
METSN6700:0;60.9573;11.4902;200;1.5;6;0
METSN73630:0;64.6237;12.6053;117;2.6;6;0
METSN31853:0;59.5993;8.7152;159;0.7;6;0
METSN10070:0;62.5003;11.1723;598;1.7;6;0
METSN120:0;61.2177;12.6982;580;0;6;0
METSN12280:0;60.8165;11.2853;219;2.6;6;0
METSN5330:0;60.3582;11.5898;135;2.9;6;0
METSN66045:0;63.4263;9.9482;135;5.5;6;0
METSN58810:0;61.9405;6.1377;283;6;6;0
METSN33430:0;59.5315;8.1075;692;1.2;6;0
METSN46510:0;59.8402;6.9825;1079;0.3;6;0
METSN84920:0;68.53;17.4255;170;-6.7;6;0
METSN66120:0;63.3093;9.5685;310;2.8;6;0
METSN39520:0;58.4909;7.7772;121;2.9;6;0
METSN66740:0;62.7509;9.9839;425;2.3;6;0
METSN49860:0;60.3693;7.4945;1243;-1.9;6;0
METSN85640:0;68.0185;13.1803;23;1.1;6;0
METSN84770:0;68.4683;17.482;44;-2.7;6;0
METSN60225:0;62.2915;6.7928;504;5.2;6;0
METSN11000:0;62.8715;11.8077;865;-0.3;6;0
METSN6690:0;60.8632;11.4172;270;1.7;6;0
METSN59815:0;62.3792;5.6275;20;9.7;6;0
METSN81340:0;67.2037;14.8187;93;-1.4;6;0
METSN5370:0;60.5252;11.5087;263;2.9;6;0
METSN8230:0;61.5747;11.0045;283;0.6;6;0
METSN59820:0;62.3195;5.7208;23;9.5;6;0
METSN12590:0;60.928;10.6725;128;2.4;6;0
METSN5680:0;60.3718;12.0435;170;2.8;6;0
METSN17640:0;59.7397;11.0083;130;3.7;6;0
METSN17875:0;59.685;10.8312;91;4.3;6;0
METSN91505:0;69.585;20.3988;18;-5.3;6;0
METSN63725:0;62.6007;9.7215;555;3.9;6;0
METSN27130:0;59.432;10.4217;40;4.1;6;0
METSN5495:0;60.102;12.063;185;3.1;6;0
METSN6580:0;60.7525;11.7625;160;2.6;6;0
METSN82220:0;67.2783;14.5173;25;-0.3;6;0
METSN59530:0;62.0163;5.538;168;7.2;6;0
METSN99090:0;70.0278;29.1303;84;-10.8;6;0
METSN80870:0;67.0837;14.2075;62;0.7;6;0
METSN88023:0;68.8698;17.479;8;-2.8;6;0
METSN71805:0;64.0972;10.5248;265;4.5;6;0
METSN2970:0;60.2525;12.4562;273;2;6;0
METSN67270:0;62.983;10.2373;160;2.5;6;0
METSN85480:0;68.2628;14.2498;20;1.2;6;0
METSN66900:0;62.4763;10.3925;695;0.6;6;0
METSN12580:0;60.9153;10.7955;230;2.3;6;0
METSN83280:0;67.9028;15.1827;20;1;6;0
