elev;lat;lon;value;prid;dqc;sct;rep
166;56.86667;14.8;NA;1;1;NA;NA
160;60.61667;15.61667;NA;1;1;NA;NA
325;65.06667;17.16639;NA;1;1;NA;NA
93;58.4;15.53306;NA;1;1;NA;NA
107;59.44444;13.3375;0;1;0;0;0.5
376;63.18306;14.48306;1.9;1;0;0;0.5
4;60.175;24.94778;NA;1;1;NA;NA
139;62.40194;25.67833;NA;1;1;NA;NA
179;67.36583;26.63306;NA;1;1;NA;NA
11;53.635;9.99;NA;1;1;NA;NA
59;53.64417;11.38833;NA;1;1;NA;NA
21;54.71667;20.55;NA;1;1;NA;NA
26;67.15;32.35;NA;1;1;NA;NA
7;64.98306;34.81639;NA;1;1;NA;NA
3;59.96667;30.3;NA;1;1;NA;NA
57;68.96667;33.04972;NA;1;1;NA;NA
110;61.81667;34.26667;NA;1;1;NA;NA
43;57.81667;28.33306;NA;1;1;NA;NA
17;61.71667;30.71667;NA;1;1;NA;NA
18;56.76667;8.31667;NA;1;1;NA;NA
25;56.28306;9.61667;NA;1;1;NA;NA
4;55.45;8.4;NA;1;1;NA;NA
23;54.9;9.27;NA;1;1;NA;NA
11;55.85;10.6;NA;1;1;NA;NA
9;55.68306;12.53306;NA;1;1;NA;NA
8;55.71667;12.56667;NA;1;1;NA;NA
6;55.68306;12.58306;NA;1;1;NA;NA
11;55.3;14.78306;NA;1;1;NA;NA
323;60.64583;6.22333;10.9;1;0;0.76;1.71944
6;55.73306;21.06667;NA;1;1;NA;NA
1;54.60333;18.81167;NA;1;1;NA;NA
1;53.39528;14.62278;NA;1;1;NA;NA
82;57.84583;27.01917;NA;1;1;NA;NA
6;58.38306;21.81528;NA;1;1;NA;NA
2;54.75333;17.53444;NA;1;1;NA;NA
314;66.8875;18.01778;2.7;1;0;0.05;0.76135
5;65.82694;24.14389;NA;1;1;NA;NA
6;63.59;20.76;NA;1;1;NA;NA
308;60.68139;13.69944;0;1;0;0.38;1.16997
46;59.35;13.46667;NA;1;1;NA;NA
11;58.4;19.2;NA;1;1;NA;NA
33;69.2;35.1;NA;1;1;NA;NA
34;68.61639;31.8;NA;1;1;NA;NA
5;57.71583;11.99417;NA;1;1;NA;NA
44;59.35;18.05;NA;1;1;NA;NA
308;60.68139;13.69944;0;1;0;0.38;1.16997
15;62.63306;17.93306;NA;1;1;NA;NA
314;66.8875;18.01778;2.7;1;0;0.05;0.76135
26;55.0125;8.4125;NA;1;1;NA;NA
43;54.52889;9.54917;NA;1;1;NA;NA
3;54.52944;11.06167;NA;1;1;NA;NA
4;54.18167;12.08194;NA;1;1;NA;NA
2;54.09778;13.4075;NA;1;1;NA;NA
38;52.90528;12.80833;NA;1;1;NA;NA
7;68.87972;33.02;NA;1;1;NA;NA
143;68.4;33.29972;NA;1;1;NA;NA
161;68.08;34.81639;NA;1;1;NA;NA
145;68;32.9;NA;1;1;NA;NA
30;66.68;32.9;NA;1;1;NA;NA
93;66.09972;32.9;NA;1;1;NA;NA
39;66.67;34.33;NA;1;1;NA;NA
118;65.2;31.17;NA;1;1;NA;NA
9;65.9;34.81639;NA;1;1;NA;NA
96;64.7;32.1;NA;1;1;NA;NA
160;64.08;32.78;NA;1;1;NA;NA
9;64.59972;34.9;NA;1;1;NA;NA
2;64.2;35.9;NA;1;1;NA;NA
180;63.82;30.82;NA;1;1;NA;NA
130;63.27;33.42;NA;1;1;NA;NA
112;63.7;34.31639;NA;1;1;NA;NA
98;62.18;30.68;NA;1;1;NA;NA
81;62.9;34.4;NA;1;1;NA;NA
139;62.97;35.75;NA;1;1;NA;NA
38;62.2;34.31639;NA;1;1;NA;NA
147;62.2;36.9;NA;1;1;NA;NA
132;61.7;33.6;NA;1;1;NA;NA
61;61.8;36.55;NA;1;1;NA;NA
14;60.72;28.8;NA;1;1;NA;NA
6;60.08;26.97;NA;1;1;NA;NA
11;60.98;32.95;NA;1;1;NA;NA
23;60.7;33.6;NA;1;1;NA;NA
7;60.47;32.9;NA;1;1;NA;NA
12;60.12;32.32;NA;1;1;NA;NA
17;59.37;28.6;NA;1;1;NA;NA
90;59.4;30.1;NA;1;1;NA;NA
16;59.9;31;NA;1;1;NA;NA
38;59.4;31.3;NA;1;1;NA;NA
40;58.7;27.8;NA;1;1;NA;NA
91;58.57;29.8;NA;1;1;NA;NA
128;58.2;29.1;NA;1;1;NA;NA
16;57.9;24.4;NA;1;1;NA;NA
71;57.9;25.3;NA;1;1;NA;NA
3;57.37;21.55;NA;1;1;NA;NA
70;57.2;22.38;NA;1;1;NA;NA
6;57.3;23.1;NA;1;1;NA;NA
9;57.3;24.4;NA;1;1;NA;NA
122;57.3;25.4;NA;1;1;NA;NA
84;57.5;26.3;NA;1;1;NA;NA
197;57.43917;27.03528;NA;1;1;NA;NA
9;56.9;21.2;NA;1;1;NA;NA
64;56.7;21.6;NA;1;1;NA;NA
104;56.5;22.9;NA;1;1;NA;NA
44;56.6;23.3;NA;1;1;NA;NA
18;56.2;21.2;NA;1;1;NA;NA
64;55.7;21.5;NA;1;1;NA;NA
153;55.9;22.3;NA;1;1;NA;NA
165;55.6;22.2;NA;1;1;NA;NA
4;55.4;21.5;NA;1;1;NA;NA
2;55.3;21;NA;1;1;NA;NA
330;68.44194;22.45028;2.7;1;0;0.73;1.66356
33;54.20417;16.15528;NA;1;1;NA;NA
2;54.75333;17.53444;NA;1;1;NA;NA
189;54.22306;19.54333;NA;1;1;NA;NA
5;53.92306;14.24194;NA;1;1;NA;NA
164;53.71528;17.53222;NA;1;1;NA;NA
13;62.85944;6.53917;11.4;1;0;0.03;0.69383
550;62.59667;10.27139;0.7;1;0;1.2;2
329;61.42028;6.37556;14.6;1;0;0.08;0.5
340;62.00306;6.65083;12.4;1;0;0.02;0.5
6;62.675;8.55889;7;1;0;0.2;1.02095
4;56.55;21.02;NA;1;1;NA;NA
57;68.96667;33.04972;NA;1;1;NA;NA
26;67.15;32.35;NA;1;1;NA;NA
17;61.71667;30.71667;NA;1;1;NA;NA
3;59.96667;30.3;NA;1;1;NA;NA
57;68.96667;33.04972;NA;1;1;NA;NA
26;67.15;32.35;NA;1;1;NA;NA
7;64.98306;34.81639;NA;1;1;NA;NA
180;63.82;30.82;NA;1;1;NA;NA
17;61.71667;30.71667;NA;1;1;NA;NA
110;61.81667;34.26667;NA;1;1;NA;NA
3;59.96667;30.3;NA;1;1;NA;NA
43;57.81667;28.33306;NA;1;1;NA;NA
7;56.48306;21.01667;NA;1;1;NA;NA
21;54.71667;20.55;NA;1;1;NA;NA
314;66.8875;18.01778;2.7;1;0;0.05;0.76135
180;63.82;30.82;NA;1;1;NA;NA
7;56.48306;21.01667;NA;1;1;NA;NA
18;56.76667;8.31667;NA;1;1;NA;NA
25;56.28306;9.61667;NA;1;1;NA;NA
4;55.45;8.4;NA;1;1;NA;NA
18;55.83306;10.61667;NA;1;1;NA;NA
6;55.68306;12.58306;NA;1;1;NA;NA
9;55.68306;12.53306;NA;1;1;NA;NA
11;55.3;14.78306;NA;1;1;NA;NA
4;60.175;24.94778;NA;1;1;NA;NA
139;62.40194;25.67833;NA;1;1;NA;NA
179;67.36583;26.63306;NA;1;1;NA;NA
7;64.98306;34.81639;NA;1;1;NA;NA
110;61.81667;34.26667;NA;1;1;NA;NA
43;57.81667;28.33306;NA;1;1;NA;NA
325;65.06667;17.16639;NA;1;1;NA;NA
15;62.63306;17.93306;NA;1;1;NA;NA
44;59.35;18.05;NA;1;1;NA;NA
20;57.78;11.88;NA;1;1;NA;NA
42;57.66667;18.33306;NA;1;1;NA;NA
166;56.86667;14.8;NA;1;1;NA;NA
160;60.61667;15.61667;NA;1;1;NA;NA
54;53.03306;13.99306;NA;1;1;NA;NA
42;54.68167;13.43667;NA;1;1;NA;NA
81;53.32417;11.93333;NA;1;1;NA;NA
3;54.14556;11.84667;NA;1;1;NA;NA
15;53.14139;11.25556;NA;1;1;NA;NA
45;52.82528;13.79944;NA;1;1;NA;NA
18;54.62944;9.36694;NA;1;1;NA;NA
18;54.30083;9.31694;NA;1;1;NA;NA
30;53.68806;13.26306;NA;1;1;NA;NA
50;54.13556;10.58778;NA;1;1;NA;NA
92;53.33583;13.43889;NA;1;1;NA;NA
41;54.77694;9.37667;NA;1;1;NA;NA
2;53.82917;9.24944;NA;1;1;NA;NA
13;53.20806;14.38333;NA;1;1;NA;NA
1;53.79833;9.43056;NA;1;1;NA;NA
9;53.84306;13.68556;NA;1;1;NA;NA
58;53.60694;12.10417;NA;1;1;NA;NA
34;54.07306;12.32556;NA;1;1;NA;NA
56;53.31667;13.93583;NA;1;1;NA;NA
3;53.47917;9.89833;NA;1;1;NA;NA
1;53.47139;10.18167;NA;1;1;NA;NA
35;53.54806;9.97028;NA;1;1;NA;NA
18;53.58667;10.13056;NA;1;1;NA;NA
10;54.21944;9.08639;NA;1;1;NA;NA
2;53.97167;9.01056;NA;1;1;NA;NA
10;54.32056;10.67417;NA;1;1;NA;NA
1;53.53306;9.67639;NA;1;1;NA;NA
17;54.33917;10.09417;NA;1;1;NA;NA
12;54.00083;11.43583;NA;1;1;NA;NA
40;53.96028;10.33056;NA;1;1;NA;NA
40;52.93806;12.41056;NA;1;1;NA;NA
3;53.8425;13.75667;NA;1;1;NA;NA
7;54.7925;8.94917;NA;1;1;NA;NA
14;54.22056;10.88556;NA;1;1;NA;NA
20;53.1025;11.48778;NA;1;1;NA;NA
3;54.34056;12.71056;NA;1;1;NA;NA
15;53.87889;10.69278;NA;1;1;NA;NA
17;52.97389;11.13917;NA;1;1;NA;NA
11;53.26694;10.42528;NA;1;1;NA;NA
5;54.5;11.23306;NA;1;1;NA;NA
42;53.61417;10.69556;NA;1;1;NA;NA
81;53.54806;13.19306;NA;1;1;NA;NA
26;54.08889;9.98028;NA;1;1;NA;NA
64;53.36;13.05167;NA;1;1;NA;NA
24;54.16056;10.40306;NA;1;1;NA;NA
40;54.36556;13.47833;NA;1;1;NA;NA
13;53.73444;9.87833;NA;1;1;NA;NA
8;54.28917;9.67583;NA;1;1;NA;NA
5;54.32944;8.60278;NA;1;1;NA;NA
37;54.51806;9.14306;NA;1;1;NA;NA
21;52.89278;11.73056;NA;1;1;NA;NA
40;54.66667;9.80444;NA;1;1;NA;NA
38;53.7625;12.55806;NA;1;1;NA;NA
2;53.96417;10.89139;NA;1;1;NA;NA
3;54.53528;13.24778;NA;1;1;NA;NA
10;54.06806;12.76889;NA;1;1;NA;NA
1;53.74583;14.06944;NA;1;1;NA;NA
46;53.66389;10.20028;NA;1;1;NA;NA
70;53.52139;12.66917;NA;1;1;NA;NA
3;54.90056;8.31306;NA;1;1;NA;NA
25;53.89444;11.42528;NA;1;1;NA;NA
66;53.1875;12.49639;NA;1;1;NA;NA
118;53.46306;13.61167;NA;1;1;NA;NA
35;52.80528;12.87306;NA;1;1;NA;NA
8;54.69417;8.52806;NA;1;1;NA;NA
51;52.96806;13.32806;NA;1;1;NA;NA
2;54.08167;13.90056;NA;1;1;NA;NA
45;53.39306;10.68917;NA;1;1;NA;NA
15;54.00417;11.19194;NA;1;1;NA;NA
9;53.85667;9.71639;NA;1;1;NA;NA
77;53.35667;9.93667;NA;1;1;NA;NA
280;58.755;6.01333;23.9;1;0;0.22;1.26775
3;61.77056;5.29889;27.7;1;0;0.48;1.56577
5;55.34;13.36;NA;1;1;NA;NA
5;55.38;13.13;NA;1;1;NA;NA
5;55.38;12.82;NA;1;1;NA;NA
4;55.39;14.19;NA;1;1;NA;NA
40;55.41;13.4;NA;1;1;NA;NA
20;55.44;13.83;NA;1;1;NA;NA
35;55.47;13.52;NA;1;1;NA;NA
10;55.46;13.94;NA;1;1;NA;NA
10;55.47;13.01;NA;1;1;NA;NA
55;55.49;14.05;NA;1;1;NA;NA
52;55.5;14.16;NA;1;1;NA;NA
55;55.51;13.33;NA;1;1;NA;NA
72;55.54;13.37;NA;1;1;NA;NA
8;55.54;14.36;NA;1;1;NA;NA
67;55.55;13.95;NA;1;1;NA;NA
20;55.61;13.08;NA;1;1;NA;NA
3;55.6;12.98;NA;1;1;NA;NA
45;55.63;13.41;NA;1;1;NA;NA
130;55.64;14.13;NA;1;1;NA;NA
80;55.64;13.89;NA;1;1;NA;NA
10;55.66;13.09;NA;1;1;NA;NA
25;55.66;13.53;NA;1;1;NA;NA
112;55.66;14.26;NA;1;1;NA;NA
73;55.7;13.2;NA;1;1;NA;NA
22;55.7;14.2;NA;1;1;NA;NA
90;55.71;14.01;NA;1;1;NA;NA
65;55.85;13.67;NA;1;1;NA;NA
180;55.87;13.87;NA;1;1;NA;NA
9;55.88;12.84;NA;1;1;NA;NA
85;55.9;13.4;NA;1;1;NA;NA
25;55.9;12.72;NA;1;1;NA;NA
150;55.9;13.93;NA;1;1;NA;NA
70;55.93;13.05;NA;1;1;NA;NA
20;55.97;14.12;NA;1;1;NA;NA
60;56;14;NA;1;1;NA;NA
10;56.33;14.15;NA;1;1;NA;NA
10;56.01;14.44;NA;1;1;NA;NA
5;56.01;12.72;NA;1;1;NA;NA
55;56.01;14.85;NA;1;1;NA;NA
152;56.01;13.23;NA;1;1;NA;NA
95;56.03;13.93;NA;1;1;NA;NA
90;56.04;13.69;NA;1;1;NA;NA
3;56.04;15.81;NA;1;1;NA;NA
43;56.04;12.69;NA;1;1;NA;NA
12;56.05;14.34;NA;1;1;NA;NA
5;56.06;14.59;NA;1;1;NA;NA
43;56.08;13.23;NA;1;1;NA;NA
15;56.1;12.89;NA;1;1;NA;NA
25;56.1;13.92;NA;1;1;NA;NA
15;56.1;14.02;NA;1;1;NA;NA
15;56.11;14.62;NA;1;1;NA;NA
55;56.14;13.25;NA;1;1;NA;NA
140;56.13;14.59;NA;1;1;NA;NA
45;56.14;13.74;NA;1;1;NA;NA
10;56.14;12.71;NA;1;1;NA;NA
7;56.17;15.59;NA;1;1;NA;NA
50;56.18;14.85;NA;1;1;NA;NA
2;56.2;16.39972;NA;1;1;NA;NA
13;56.2;12.78;NA;1;1;NA;NA
20;56.22;15.13;NA;1;1;NA;NA
15;56.23;15.02;NA;1;1;NA;NA
115;56.24;13.53;NA;1;1;NA;NA
12;56.24;12.58;NA;1;1;NA;NA
58;56.26;15.27;NA;1;1;NA;NA
10;56.28;16.02;NA;1;1;NA;NA
65;56.28;14.52;NA;1;1;NA;NA
75;56.28;13.3;NA;1;1;NA;NA
20;56.29;12.85;NA;1;1;NA;NA
72;56.3;12.45;NA;1;1;NA;NA
80;56.32;14.71;NA;1;1;NA;NA
100;56.33;15.58;NA;1;1;NA;NA
90;56.33;14.88;NA;1;1;NA;NA
90;56.38;13.98;NA;1;1;NA;NA
5;56.37;16.54;NA;1;1;NA;NA
50;56.38;12.75;NA;1;1;NA;NA
200;56.38;12.98;NA;1;1;NA;NA
20;56.41;15.99;NA;1;1;NA;NA
135;56.42;14.36;NA;1;1;NA;NA
109;56.44;15.32;NA;1;1;NA;NA
110;56.46;13.66;NA;1;1;NA;NA
125;56.49;15.12;NA;1;1;NA;NA
80;56.5;13.46;NA;1;1;NA;NA
35;56.56;13.3;NA;1;1;NA;NA
35;56.52;13.34;NA;1;1;NA;NA
5;56.53;16.39;NA;1;1;NA;NA
145;56.55;14.76;NA;1;1;NA;NA
115;56.56;13.74;NA;1;1;NA;NA
20;56.57;13.03;NA;1;1;NA;NA
175;56.59;13.46;NA;1;1;NA;NA
130;56.6;15.51;NA;1;1;NA;NA
130;56.62;15.14;NA;1;1;NA;NA
140;56.64;14.03;NA;1;1;NA;NA
3;56.63;16.67;NA;1;1;NA;NA
24;56.67;12.92;NA;1;1;NA;NA
25;56.68;12.92;NA;1;1;NA;NA
6;56.73;16.29;NA;1;1;NA;NA
155;56.68;14.34;NA;1;1;NA;NA
165;56.71;13.16;NA;1;1;NA;NA
75;56.72;13.12;NA;1;1;NA;NA
165;56.74;13.36;NA;1;1;NA;NA
92;56.85;15.99;NA;1;1;NA;NA
162;56.76;15.27;NA;1;1;NA;NA
20;56.79;16.32972;NA;1;1;NA;NA
185;56.79;13.14;NA;1;1;NA;NA
15;56.79;12.97;NA;1;1;NA;NA
155;56.83;13.95;NA;1;1;NA;NA
160;56.81;13.7;NA;1;1;NA;NA
25;56.84;16.75;NA;1;1;NA;NA
145;56.84;14.59;NA;1;1;NA;NA
166;56.86667;14.8;NA;1;1;NA;NA
188;56.88;15.69;NA;1;1;NA;NA
145;56.92;14.01;NA;1;1;NA;NA
38;56.92;18.16639;NA;1;1;NA;NA
6;56.93;12.36;NA;1;1;NA;NA
25;56.93;12.55;NA;1;1;NA;NA
155;56.94;13.34;NA;1;1;NA;NA
145;56.95;12.79;NA;1;1;NA;NA
85;56.96306;13.07083;NA;1;1;NA;NA
15;56.98;12.39;NA;1;1;NA;NA
37;57;16.29;NA;1;1;NA;NA
265;56.99;15.29;NA;1;1;NA;NA
4;57.01;16.88;NA;1;1;NA;NA
160;57.02;13.73;NA;1;1;NA;NA
190;57.02;12.92;NA;1;1;NA;NA
180;57.03;14.94;NA;1;1;NA;NA
185;57.03;14.29;NA;1;1;NA;NA
25;57.11;12.39;NA;1;1;NA;NA
100;57.09;12.87;NA;1;1;NA;NA
20;57.11;12.27;NA;1;1;NA;NA
171;57.15;15.68;NA;1;1;NA;NA
250;57.12;14.69;NA;1;1;NA;NA
155;57.15;13.56;NA;1;1;NA;NA
230;57.15;15.4;NA;1;1;NA;NA
100;57.2;12.81;NA;1;1;NA;NA
77;57.2;15.97;NA;1;1;NA;NA
315;57.2;15.08;NA;1;1;NA;NA
215;57.24;14.59;NA;1;1;NA;NA
25;57.24;18.38;NA;1;1;NA;NA
10;57.25;12.1;NA;1;1;NA;NA
20;57.27;16.41;NA;1;1;NA;NA
169;57.29;14.14;NA;1;1;NA;NA
40;57.29;17.96;NA;1;1;NA;NA
155;57.3;12.69;NA;1;1;NA;NA
240;57.31;15.13;NA;1;1;NA;NA
170;57.32;13.93;NA;1;1;NA;NA
140;57.37;13.05;NA;1;1;NA;NA
4;57.37;17.1;NA;1;1;NA;NA
220;57.4;14.64;NA;1;1;NA;NA
125;57.39;16.09;NA;1;1;NA;NA
100;57.39167;15.91333;NA;1;1;NA;NA
220;57.39;15.27;NA;1;1;NA;NA
220;57.39;13.53;NA;1;1;NA;NA
45;57.4;18.53;NA;1;1;NA;NA
230;57.44;14.89;NA;1;1;NA;NA
13;57.42;18.92;NA;1;1;NA;NA
270;57.44;14.47;NA;1;1;NA;NA
15;57.43;18.22;NA;1;1;NA;NA
180;57.43;14.1;NA;1;1;NA;NA
210;57.45;15.03;NA;1;1;NA;NA
185;57.47;15.5;NA;1;1;NA;NA
15;57.49;12.2;NA;1;1;NA;NA
330;57.49;13.86;NA;1;1;NA;NA
32;57.51;18.45;NA;1;1;NA;NA
155;57.51;15.92;NA;1;1;NA;NA
200;57.54;15.1;NA;1;1;NA;NA
45;57.55;12.46;NA;1;1;NA;NA
170;57.54;13.34;NA;1;1;NA;NA
50;57.56;12.04;NA;1;1;NA;NA
350;57.57;14.47;NA;1;1;NA;NA
45;57.6;18.45;NA;1;1;NA;NA
105;57.62;12.94;NA;1;1;NA;NA
140;57.63;15.57;NA;1;1;NA;NA
70;57.62;16.30972;NA;1;1;NA;NA
12;57.63;11.61;NA;1;1;NA;NA
42;57.66667;18.33306;NA;1;1;NA;NA
25;57.64;16.57;NA;1;1;NA;NA
305;57.64;14.69;NA;1;1;NA;NA
61;57.66;12.04;NA;1;1;NA;NA
65;57.66;12.55;NA;1;1;NA;NA
42;57.66;18.34;NA;1;1;NA;NA
150;57.67;12.3;NA;1;1;NA;NA
110;57.67;15.85;NA;1;1;NA;NA
60;57.69;12.23;NA;1;1;NA;NA
345;57.69;13.71;NA;1;1;NA;NA
225;57.69;14.15;NA;1;1;NA;NA
53;57.7;18.64;NA;1;1;NA;NA
275;57.71;14.49;NA;1;1;NA;NA
35;57.79;16.59;NA;1;1;NA;NA
290;57.72;14.99;NA;1;1;NA;NA
50;57.74;18.43;NA;1;1;NA;NA
290;57.75;15.38;NA;1;1;NA;NA
226;57.75;14.07;NA;1;1;NA;NA
135;57.76;12.95;NA;1;1;NA;NA
175;57.77;13.47;NA;1;1;NA;NA
20;57.78;11.88;NA;1;1;NA;NA
99;57.79;14.29;NA;1;1;NA;NA
250;57.81;14.99;NA;1;1;NA;NA
285;57.82;14.72;NA;1;1;NA;NA
225;57.84;14.43;NA;1;1;NA;NA
75;57.85;12.38;NA;1;1;NA;NA
81;57.87;16.17;NA;1;1;NA;NA
174;57.89;14.73;NA;1;1;NA;NA
70;57.89;12.55;NA;1;1;NA;NA
20;57.89;18.76;NA;1;1;NA;NA
13;57.9;19.16;NA;1;1;NA;NA
3;57.9;16.7;NA;1;1;NA;NA
175;57.93;13.7;NA;1;1;NA;NA
190;57.94;13.07;NA;1;1;NA;NA
107;58;15.65;NA;1;1;NA;NA
30;57.99;16.30972;NA;1;1;NA;NA
5;58.01;12.15;NA;1;1;NA;NA
10;58.02;11.6;NA;1;1;NA;NA
195;58.07;15.24;NA;1;1;NA;NA
155;58.04;14.99;NA;1;1;NA;NA
100;58.09;14.4;NA;1;1;NA;NA
285;58.06;14.6;NA;1;1;NA;NA
190;58.08;13.4;NA;1;1;NA;NA
14;58.1;11.35;NA;1;1;NA;NA
115;58.1;12.66;NA;1;1;NA;NA
275;58.11;14.07;NA;1;1;NA;NA
175;58.11;15.25;NA;1;1;NA;NA
180;58.13;15.44;NA;1;1;NA;NA
205;58.16;13.54;NA;1;1;NA;NA
90;58.16;12.65;NA;1;1;NA;NA
45;58.21;16.37;NA;1;1;NA;NA
70;58.22;11.93;NA;1;1;NA;NA
95;58.22;13.06;NA;1;1;NA;NA
120;58.25;14.66;NA;1;1;NA;NA
15;58.24;11.68;NA;1;1;NA;NA
5;58.25;17.01;NA;1;1;NA;NA
100;58.26;16.04;NA;1;1;NA;NA
85;58.27;15.74;NA;1;1;NA;NA
80;58.27;16.07972;NA;1;1;NA;NA
30;58.27;11.43;NA;1;1;NA;NA
181;58.29;13.8;NA;1;1;NA;NA
120;58.31;14.93;NA;1;1;NA;NA
90;58.32;14.33;NA;1;1;NA;NA
125;58.33;14.06;NA;1;1;NA;NA
5;58.33;16.82;NA;1;1;NA;NA
55;58.34;12.68;NA;1;1;NA;NA
80;58.35;13.13;NA;1;1;NA;NA
100;58.37;11.94;NA;1;1;NA;NA
50;58.36;12.36;NA;1;1;NA;NA
85;58.36;13.25;NA;1;1;NA;NA
20;58.36;11.23;NA;1;1;NA;NA
11;58.4;19.2;NA;1;1;NA;NA
90;58.39;15.22;NA;1;1;NA;NA
150;58.39;13.84;NA;1;1;NA;NA
115;58.4;13.45;NA;1;1;NA;NA
115;58.4;13.45;NA;1;1;NA;NA
93;58.4;15.53306;NA;1;1;NA;NA
65;58.43;16.14;NA;1;1;NA;NA
54;58.43556;12.7075;NA;1;1;NA;NA
90;58.45;14.89;NA;1;1;NA;NA
140;58.45;13.67;NA;1;1;NA;NA
49;58.49;16;NA;1;1;NA;NA
46;58.5;16.28;NA;1;1;NA;NA
52;58.53;13.13;NA;1;1;NA;NA
10;58.51;16.86;NA;1;1;NA;NA
95;58.52;14.51;NA;1;1;NA;NA
50;58.52;11.52;1.2;1;0;0.04;0.5844
80;58.52;13.98;NA;1;1;NA;NA
20;58.53;11.57;1.5;1;0;0.05;0.5
95;58.56;15.02;NA;1;1;NA;NA
10;58.55;16.82;NA;1;1;NA;NA
128;58.56;13.35;NA;1;1;NA;NA
70;58.57;11.56;1.3;1;0;0.07;0.55646
80;58.58;13.34;NA;1;1;NA;NA
65;58.64;12.42;NA;1;1;NA;NA
3;58.61;16.21;NA;1;1;NA;NA
21;58.61;16.12;NA;1;1;NA;NA
85;58.65;14.13;NA;1;1;NA;NA
50;58.66;13.12;NA;1;1;NA;NA
90;58.67;11.88;2.1;1;0;0.59;0.99651
50;58.68;16.13;NA;1;1;NA;NA
10;58.68;17.12;NA;1;1;NA;NA
10;58.69;11.25;0.3;1;0;0.93;1.44936
55;58.72;15.78;NA;1;1;NA;NA
50;58.71;13.82;NA;1;1;NA;NA
75;58.74;15.37;NA;1;1;NA;NA
18;58.74;17.87;NA;1;1;NA;NA
25;58.75;16.55972;NA;1;1;NA;NA
135;58.79;15.17;NA;1;1;NA;NA
65;58.78;16.13;NA;1;1;NA;NA
145;58.79;14.32;NA;1;1;NA;NA
185;58.81;14.65;NA;1;1;NA;NA
55;58.82;12.41;0.4;1;0;2.35;2
215;58.85;15.16;NA;1;1;NA;NA
70;58.89;15.72;NA;1;1;NA;NA
25;58.87;16.68;NA;1;1;NA;NA
20;58.89;17.16;NA;1;1;NA;NA
33;58.8925;11.00583;0;1;0;1.54;2
79;58.93;15.45;NA;1;1;NA;NA
50;58.9;13.25;NA;1;1;NA;NA
5;58.9;17.57;NA;1;1;NA;NA
150;58.9;12.04;1.4;1;0;1.34;0.70314
15;58.92;17.92;NA;1;1;NA;NA
5;58.93;17.54;NA;1;1;NA;NA
135;58.97;14.9;NA;1;1;NA;NA
40;58.97;18.45;NA;1;1;NA;NA
30;58.98;17.84;NA;1;1;NA;NA
30;58.99;16.18;NA;1;1;NA;NA
175;58.98;14.79;NA;1;1;NA;NA
78;58.99;14.11;NA;1;1;NA;NA
85;58.99;12.26;4.7;1;0;9.01;2
30;59.01;16.88;NA;1;1;NA;NA
50;59.02;16.37;NA;1;1;NA;NA
69;59.03;15.69;NA;1;1;NA;NA
67;59.67;15.96;NA;1;1;NA;NA
30;59.06;16.59;NA;1;1;NA;NA
4;59.07;18.12;NA;1;1;NA;NA
60;59.08;15.82;NA;1;1;NA;NA
45;59.08;17.86;NA;1;1;NA;NA
20;59.1;17.32;NA;1;1;NA;NA
105;59.1;14.37;NA;1;1;NA;NA
45;59.18;17.92;NA;1;1;NA;NA
28;59.12;18.11;NA;1;1;NA;NA
5;59.11;18.65;NA;1;1;NA;NA
12;59.11;17.71972;NA;1;1;NA;NA
90;59.13;14.53;NA;1;1;NA;NA
50;59.14;12.94;0;1;0;-1;NA
50;59.14;15.28;NA;1;1;NA;NA
35;59.19;16.91;NA;1;1;NA;NA
30;59.16;16.05972;NA;1;1;NA;NA
200;59.17;12.55;0;1;0;4.23;2
40;59.19;17.63;NA;1;1;NA;NA
100;59.22;11.99;0;1;0;1.38;2
30;59.23;17.71972;NA;1;1;NA;NA
75;59.23;14.88;NA;1;1;NA;NA
15;59.24;17.78;NA;1;1;NA;NA
35;59.24;15.29;NA;1;1;NA;NA
20;59.25;17.09;NA;1;1;NA;NA
15;59.25;17.8;NA;1;1;NA;NA
31;59.26;15.26;NA;1;1;NA;NA
10;59.29;18.92;NA;1;1;NA;NA
170;59.29;12.05;0;1;0;0.11;1.13271
82;59.31;14.1;NA;1;1;NA;NA
45;59.32;16.55972;NA;1;1;NA;NA
15;59.32;16.44;NA;1;1;NA;NA
10;59.32;18.37;NA;1;1;NA;NA
44;59.35;18.05;NA;1;1;NA;NA
10;59.35;15.48;NA;1;1;NA;NA
55;59.35;12.96;0;1;0;0.01;0.5
14;59.35333;17.95139;NA;1;1;NA;NA
107;59.44444;13.3375;0;1;0;0;0.5
10;59.36;17.71972;NA;1;1;NA;NA
55;59.37;13.85;NA;1;1;NA;NA
2;59.37;18.16;NA;1;1;NA;NA
95;59.38;14.61;NA;1;1;NA;NA
8;59.39;16.46;NA;1;1;NA;NA
15;59.4;17.05972;NA;1;1;NA;NA
50;59.4;15.19;NA;1;1;NA;NA
68;59.4;13.27;1.6;1;9;NA;NA
22;59.41;18.23;NA;1;1;NA;NA
25;59.41;17.48;NA;1;1;NA;NA
15;59.42;15.61;NA;1;1;NA;NA
70;59.44;12.76;0;1;0;0;0.5
12;59.44417;19.50556;NA;1;1;NA;NA
15;59.49;18.29;NA;1;1;NA;NA
10;59.51;18.84;NA;1;1;NA;NA
15;59.53;16.02;NA;1;1;NA;NA
20;59.52;18.07972;NA;1;1;NA;NA
135;59.54;14.28;NA;1;1;NA;NA
15;59.53;17.04;NA;1;1;NA;NA
65;59.53;13.26;0;1;0;0.14;0.73341
15;59.53;17.84;NA;1;1;NA;NA
27;59.56;16.29;NA;1;1;NA;NA
227;59.55;14.81;NA;1;1;NA;NA
10;59.55;17.37;NA;1;1;NA;NA
85;59.59;15.24;NA;1;1;NA;NA
90;59.58;13.03;0;1;0;0;0.5
40;59.59;15.92;NA;1;1;NA;NA
10;59.59;16.63;NA;1;1;NA;NA
125;59.61;11.93;0;1;0;0.98;1.95693
65;59.61;13.48;0;1;0;0.01;0.58207
20;59.64;17.07;NA;1;1;NA;NA
260;59.65;14.28;NA;1;1;NA;NA
25;59.65;16.8;NA;1;1;NA;NA
26;59.66;17.95;NA;1;1;NA;NA
15;59.66;17.69;NA;1;1;NA;NA
20;59.66;18.27;NA;1;1;NA;NA
40;59.66;18.42;NA;1;1;NA;NA
66;59.67;12.59;0;1;0;0;0.5
35;59.7;16.66;NA;1;1;NA;NA
55;59.7;16.21972;NA;1;1;NA;NA
60;59.7;16.05972;NA;1;1;NA;NA
185;59.71;14.53;NA;1;1;NA;NA
40;59.71;16.44;NA;1;1;NA;NA
20;59.72;17.80972;NA;1;1;NA;NA
80;59.74;13.21;0;1;0;2.87;2
200;59.75;14.99;NA;1;1;NA;NA
20;59.75;17.07;NA;1;1;NA;NA
200;59.75;14.24;NA;1;1;NA;NA
15;59.77;18.65;NA;1;1;NA;NA
15;59.75;19.41;NA;1;1;NA;NA
155;59.81;15.56;NA;1;1;NA;NA
15;59.81;17.66639;NA;1;1;NA;NA
25;59.83;18.95;NA;1;1;NA;NA
80;59.85;13.54;0.4;1;12;NA;NA
13;59.86;17.63;NA;1;1;NA;NA
146;59.87;15.02;NA;1;1;NA;NA
130;59.86;11.97;0;1;0;0.02;0.81257
285;59.87;15.25;NA;1;1;NA;NA
165;59.88;12.63;0.2;1;0;0.06;0.81024
205;59.88;14.54;NA;1;1;NA;NA
135;59.89;12.3;0;1;0;0.25;1.36554
21;59.9;17.59;NA;1;1;NA;NA
50;59.9;17.03;NA;1;1;NA;NA
60;59.9;16.66;NA;1;1;NA;NA
15;59.91;17.86;NA;1;1;NA;NA
205;59.95;14.95;NA;1;1;NA;NA
108;59.93;12.9;0.2;1;0;5.68;2
125;59.96;13.53;0;1;12;NA;NA
20;59.96;18.35;NA;1;1;NA;NA
250;59.98;14.18;NA;1;1;NA;NA
30;59.99;17.57;NA;1;1;NA;NA
100;60;15.8;NA;1;1;NA;NA
25;60.03;17.71972;NA;1;1;NA;NA
250;60.03;14.94;NA;1;1;NA;NA
220;60.06;12.56;1.1;1;0;3.01;2
10;60.06;18.74;NA;1;1;NA;NA
280;60.09;15.02;NA;1;1;NA;NA
80;60.14;13.01;0.1;1;0;2.68;1.78929
65;60.12;16.59;NA;1;1;NA;NA
125;60.13;16.13;NA;1;1;NA;NA
40;60.14;17.23972;NA;1;1;NA;NA
305;60.14;14.4;NA;1;1;NA;NA
165;60.14;15.18;NA;1;1;NA;NA
100;60.14;16.17;NA;1;1;NA;NA
190;60.15;13.8;0.6;1;0;4.22;2
55;60.16;16.86;NA;1;1;NA;NA
12;60.16;18.74;NA;1;1;NA;NA
68;60.17;16.30972;NA;1;1;NA;NA
15;60.18;18.23;NA;1;1;NA;NA
270;60.18;14.67;NA;1;1;NA;NA
115;60.29;15.97;NA;1;1;NA;NA
265;60.27;14.14;NA;1;1;NA;NA
75;60.28;16.89;NA;1;1;NA;NA
190;60.29;14.98;NA;1;1;NA;NA
215;60.32;13.13;0;1;0;0.03;0.72643
160;60.33;12.68;0;1;0;0.01;0.5
180;60.35;15.75;NA;1;1;NA;NA
308;60.35;12.65;0.3;1;12;NA;NA
135;60.36;12.94;0.3;1;12;NA;NA
420;60.37;13.87;1;1;9;NA;NA
260;60.38;15.23;NA;1;1;NA;NA
495;60.38;15.14;NA;1;1;NA;NA
25;60.41;17.88;NA;1;1;NA;NA
145;60.43;13.24;0;1;0;4.38;2
35;60.44;17.34;NA;1;1;NA;NA
250;60.45;14.48;NA;1;1;NA;NA
130;60.46;16.27;NA;1;1;NA;NA
145;60.5;15.46;NA;1;1;NA;NA
75;60.5;16.94;NA;1;1;NA;NA
445;60.52;13.49;1;1;0;13.37;2
190;60.51;14.96;NA;1;1;NA;NA
110;60.51;16.42;NA;1;1;NA;NA
230;60.52;14.46;NA;1;1;NA;NA
8;60.53;18.38;NA;1;1;NA;NA
235;60.56;14.37;NA;1;1;NA;NA
140;60.54;16.29;NA;1;1;NA;NA
65;60.62;16.78;NA;1;1;NA;NA
155;60.6;15.01;NA;1;1;NA;NA
160;60.61667;15.61667;NA;1;1;NA;NA
185;60.64;16.14972;NA;1;1;NA;NA
16;60.65;17.17;NA;1;1;NA;NA
425;60.66;12.71;0;1;12;NA;NA
308;60.68139;13.69944;0;1;0;0.38;1.16997
150;60.68;16.35;NA;1;1;NA;NA
80;60.69;16.82;NA;1;1;NA;NA
160;60.69;15.49;NA;1;1;NA;NA
175;60.73;15.02;NA;1;1;NA;NA
140;60.73;15.91;NA;1;1;NA;NA
335;60.74;12.7;4;1;9;NA;NA
5;60.75;17.35;NA;1;1;NA;NA
255;60.77;12.85;0.3;1;0;0.32;1.12806
430;60.78;12.46;0.8;1;0;3.31;2
360;60.81;13.86;0;1;0;0.66;0.88009
156;60.84;15.77;NA;1;1;NA;NA
260;60.88;14.38;NA;1;1;NA;NA
225;60.89;15.11;NA;1;1;NA;NA
80;60.9;16.73972;NA;1;1;NA;NA
230;60.91;12.58;0.3;1;0;0.04;0.63562
355;60.91;13.38;0;1;0;0.18;0.97322
230;60.92;15.11;NA;1;1;NA;NA
175;60.94;14.59;NA;1;1;NA;NA
215;60.94;15.55;NA;1;1;NA;NA
190;60.94;15.25;NA;1;1;NA;NA
280;60.97;13.9;0;1;0;0.01;0.5
145;60.96;16.46;NA;1;1;NA;NA
196;61;14.59;NA;1;1;NA;NA
425;61.03;12.84;0.3;1;0;0.3;1.05355
431;61.06;15.58;NA;1;1;NA;NA
480;61.07;13.48;0;1;0;0.05;0.74738
335;61.1;13.32;0.2;1;0;0.42;0.83818
424;61.08;13.62;0;1;0;0.01;0.5
358;61.1;16.16;NA;1;1;NA;NA
465;61.13;12.82;0.2;1;0;0.11;0.5
175;61.15;14.61;NA;1;1;NA;NA
430;61.13;13.97;0.5;1;0;1.65;1.66822
220;61.17;15.22;NA;1;1;NA;NA
360;61.17;13.26;0.2;1;0;0.57;0.60536
205;61.2;14.87;NA;1;1;NA;NA
250;61.26;14.04;0.2;1;0;0.25;1.10477
50;61.26;16.84;NA;1;1;NA;NA
10;61.27;17.1;NA;1;1;NA;NA
412;61.28;12.86;0.1;1;0;0.05;0.5
440;61.31;13.16;0.8;1;0;5.87;2
445;61.34;13.36;0.3;1;0;0.42;1.38882
177;61.38;15.84;NA;1;1;NA;NA
425;61.38;13.73;0;1;0;4.08;2
540;61.39;12.86;0;1;0;3.23;2
115;61.4;16.42;NA;1;1;NA;NA
434;61.44;14.87;NA;1;1;NA;NA
220;61.53;15.34;NA;1;1;NA;NA
130;61.57;16.32972;NA;1;1;NA;NA
620;61.6;12.5;1.9;1;0;7.48;2
170;61.6;16.77;NA;1;1;NA;NA
585;61.6;14.18;0.4;1;0;0.18;0.922
424;61.64;14.8;NA;1;1;NA;NA
425;61.71;13.13;0;1;0;0.01;0.5
8;61.7;17.52;NA;1;1;NA;NA
115;61.71;16.18;NA;1;1;NA;NA
10;61.73;17.1;NA;1;1;NA;NA
70;61.79;16.55;NA;1;1;NA;NA
410;61.8;14.64;0.8;1;0;2.78;2
185;61.83;15.83;NA;1;1;NA;NA
670;61.85;12.27;0;1;0;2.62;2
440;61.85;14.09;0.4;1;0;0.51;1.17928
455;61.86;12.72;0;1;0;0.02;0.5
220;61.98;15.32;NA;1;1;NA;NA
545;62;12.67;0;1;0;0.01;0.5
432;62.01917;14.19028;0.6;1;0;0;0.5
150;62.03;16.3;NA;1;1;NA;NA
215;62.03;15.91;NA;1;1;NA;NA
259;62.04;15.47;NA;1;1;NA;NA
750;62.04;12.4;0;1;0;1.14;1.45867
70;62.06;17.28;NA;1;1;NA;NA
470;62.07;14.49;0.2;1;0;1.02;1.65891
150;62.11;16.71972;NA;1;1;NA;NA
610;62.11;13.28;0.7;1;0;0.02;0.5
135;62.15;17.17;NA;1;1;NA;NA
260;62.18;14.95;0.7;1;0;0.83;1.59837
220;62.18;15.65;NA;1;1;NA;NA
421;62.2;13.87;0;1;12;NA;NA
17;62.23;17.66;NA;1;1;NA;NA
25;62.26;17.34;NA;1;1;NA;NA
375;62.27;16.43;NA;1;1;NA;NA
435;62.28;16;NA;1;1;NA;NA
770;62.33;12.65;1.2;1;0;1.31;1.7241
60;62.36;16.96972;NA;1;1;NA;NA
60;62.38;17.29;NA;1;1;NA;NA
255;62.4;15.21;0;1;12;NA;NA
35;62.41;17.27;NA;1;1;NA;NA
430;62.42;13.52;0.1;1;0;0.3;1.1979
70;62.46;16.43;NA;1;1;NA;NA
355;62.48;14.54;0.5;1;0;1.11;1.43539
140;62.52556;15.76889;NA;1;1;NA;NA
99;62.52;16.21;NA;1;1;NA;NA
4;62.52444;17.44083;NA;1;1;NA;NA
802;62.53;14.2;0.1;1;0;4.09;2
585;62.55;12.6;0.5;1;0;1.26;1.49593
395;62.55;16.7;NA;1;1;NA;NA
70;62.57;17.13;NA;1;1;NA;NA
780;62.58;12.22;1;1;0;3.33;2
785;62.61;12.16;0;1;12;NA;NA
640;62.63;13.16;0;1;12;NA;NA
10;62.62;18.05972;NA;1;1;NA;NA
15;62.63306;17.93306;NA;1;1;NA;NA
700;62.64;12.42;0.3;1;0;1.61;1.63097
410;62.7;14.39;0.5;1;0;1.09;1.40279
130;62.71;17.18;NA;1;1;NA;NA
345;62.72;16.18;NA;1;1;NA;NA
342;62.75;15.1;0.7;1;0;0.03;0.55413
220;62.76;16.30972;NA;1;1;NA;NA
430;62.77;15.5;0.7;1;0;-1;NA
185;62.77;16.71972;NA;1;1;NA;NA
350;62.79;14.69;0;1;12;NA;NA
260;62.8;17.55;NA;1;1;NA;NA
580;62.8;13.07;0.3;1;0;2.21;2
20;62.85;18.02;NA;1;1;NA;NA
615;62.85;12.81;1.6;1;0;4.99;2
60;62.94;17.73;NA;1;1;NA;NA
245;62.94;17.23972;NA;1;1;NA;NA
780;62.94;13.25;0.5;1;0;0.01;0.5
330;62.96;15.85;NA;1;1;NA;NA
20;63.01;18.19;NA;1;1;NA;NA
415;63.01;14.72;1;1;0;1.55;2
10;63.03;18.17;NA;1;1;NA;NA
170;63.05;16.54;NA;1;1;NA;NA
165;63.03;16.55;NA;1;1;NA;NA
5;63.05;17.77;NA;1;1;NA;NA
300;63.06;15.34;1.5;1;0;0.03;0.54948
592;63.08;13.75;2.1;1;0;1.82;2
275;63.13;18.07;NA;1;1;NA;NA
120;63.14;16.98972;NA;1;1;NA;NA
27;63.15;17.76;NA;1;1;NA;NA
220;63.15;15.76;1.5;1;0;0.52;1.22119
183;63.16;16.17;NA;1;1;NA;NA
575;63.16;13.07;4.3;1;0;1.93;2
30;63.17;17.66;NA;1;1;NA;NA
20;63.17;17.28;NA;1;1;NA;NA
60;63.17;17.42;NA;1;1;NA;NA
95;63.18;17.1;NA;1;1;NA;NA
11;63.19;19.02;NA;1;1;NA;NA
376;63.1975;14.48639;1.9;1;0;0.14;0.5
360;63.24;14.55;2.2;1;0;0.19;0.9709
440;63.27;16.44;NA;1;1;NA;NA
583;63.28;12.12;5.2;1;0;0.07;0.8312
25;63.3;18.72;NA;1;1;NA;NA
530;63.3;12.51;0;1;9;NA;NA
642;63.30278;12.12528;5.2;1;0;0.08;0.82887
400;63.32;13.65;3.4;1;0;0.18;0.83353
175;63.54;16.46972;NA;1;1;NA;NA
30;63.33;19.05;NA;1;1;NA;NA
330;63.33;13.38;3.3;1;0;0.18;0.63329
390;63.33;15.41;2.6;1;0;0.36;1.31898
285;63.33;14.47;2.5;1;0;1.56;2
380;63.39;13.39;3.5;1;0;0.06;0.79395
249;63.4;17.48972;NA;1;1;NA;NA
165;63.41;16.55972;NA;1;1;NA;NA
108;63.41;19;NA;1;1;NA;NA
380;63.42;15.83;3.1;1;0;0.38;0.92899
80;63.46;18.05972;NA;1;1;NA;NA
345;63.49;13.92;3;1;0;0.73;1.78463
480;63.52;12.72;1.8;1;0;3.96;2
120;63.52;18.07;NA;1;1;NA;NA
410;63.52;14.53;1.4;1;0;6.99;2
550;63.53;12.4;3.3;1;0;3.33;2
245;63.53;17.13;NA;1;1;NA;NA
4;63.57;19.49;NA;1;1;NA;NA
6;63.59;20.76;NA;1;1;NA;NA
232;63.6;16.18;NA;1;1;NA;NA
490;63.62;15.09;2.7;1;0;1.62;1.69616
190;63.66;18.53;NA;1;1;NA;NA
400;63.67;13.55;3.6;1;0;0.76;1.51921
215;63.68417;16.95056;NA;1;1;NA;NA
480;63.7;14.13;2.6;1;0;0.92;1.28638
425;63.71;12.65;2.3;1;0;0.09;0.93132
75;63.71;19.59;NA;1;1;NA;NA
270;63.72;15.83;2.9;1;0;0.07;0.58673
385;63.75;18.17;NA;1;1;NA;NA
425;63.76;12.43;2.2;1;0;2.2;2
362;63.76;14.43;1.9;1;0;0.29;1.2305
118;63.77;18.99;NA;1;1;NA;NA
450;63.78;13.07;2.9;1;0;1;0.95925
360;63.79;17.66639;NA;1;1;NA;NA
14;63.79;20.29;NA;1;1;NA;NA
10;63.81;20.24;NA;1;1;NA;NA
260;63.82;17.13;NA;1;1;NA;NA
285;63.83;15.62;2.6;1;0;2.96;2
545;63.85;13.38;2.4;1;0;1.41;1.61234
375;63.85;15.59;4.9;1;0;4.11;2
235;63.94;16.37;3;1;0;0.58;1.34226
200;63.93;19.22;NA;1;1;NA;NA
380;63.95;17.91639;NA;1;1;NA;NA
267;63.97;15.85;3.4;1;0;0.04;0.5
390;63.97;16.8;NA;1;1;NA;NA
425;63.98;12.87;4.1;1;0;4.25;2
615;64;14.67;2.5;1;0;0.48;1.03958
115;64.02;19.57;NA;1;1;NA;NA
451;64.04;12.94;0.9;1;0;3.85;2
15;64.06;20.88;NA;1;1;NA;NA
290;64.06;15.37;4.4;1;0;0.5;1.02561
340;64.06;14.13;1.9;1;0;1.21;1.76135
327;64.08;18.42;NA;1;1;NA;NA
240;64.12;16.21;4.4;1;0;0.4;1.11874
213;64.12972;18.99;NA;1;1;NA;NA
310;64.16;17.37;NA;1;1;NA;NA
155;64.19;20.3;NA;1;1;NA;NA
50;64.19;20.85;NA;1;1;NA;NA
260;64.25;15.85;0.4;1;9;NA;NA
400;64.25;18.52;NA;1;1;NA;NA
237;64.27;19.63;NA;1;1;NA;NA
520;64.27;14.45;6.6;1;0;2.6;2
300;64.3;15.22;2.7;1;0;0.66;0.89173
440;64.34;17.79;NA;1;1;NA;NA
21;64.36;21.32;NA;1;1;NA;NA
330;64.42;16.80972;NA;1;1;NA;NA
270;64.43;15.63;4.4;1;0;0.82;2
375;64.44;14.72;3.9;1;0;0.78;1.65425
140;64.45;20.41;NA;1;1;NA;NA
178;64.45972;15.54;3.5;1;0;0;0.5
36;64.48;21.58;NA;1;1;NA;NA
440;64.48972;17.46;NA;1;1;NA;NA
328;64.50333;14.15944;3;1;0;0.26;0.5
500;64.51;17.98972;NA;1;1;NA;NA
234;64.58;18.65;NA;1;1;NA;NA
265;64.61;19.98;NA;1;1;NA;NA
385;64.62;18.34;NA;1;1;NA;NA
48;64.62;21.07;NA;1;1;NA;NA
480;64.62972;14.86;0.4;1;0;2.71;2
345;64.64;16.41;4.6;1;0;0.8;1.52852
370;64.70972;15.54;1.1;1;0;4.74;2
300;64.73;20.19;NA;1;1;NA;NA
360;64.73;13.96;1.9;1;12;NA;NA
520;64.76;17.21972;NA;1;1;NA;NA
372;64.78;19.37;NA;1;1;NA;NA
225;64.81972;18.89;NA;1;1;NA;NA
485;64.81972;14.15;0;1;12;NA;NA
500;64.83;16.27;5.8;1;0;0.48;0.6915
530;64.84;15.09;2.1;1;0;0.04;0.5
415;64.87972;16.75;4.9;1;0;0.63;0.89639
296;64.91;19.48;NA;1;1;NA;NA
10;64.91;21.23;NA;1;1;NA;NA
550;64.92;14.56;0.9;1;0;3.32;2
325;64.92;18.24;NA;1;1;NA;NA
475;64.93;14.16;2.2;1;0;0.53;0.78696
365;64.95;15.84;3.3;1;0;1.47;1.9709
280;65.00722;17.70833;NA;1;1;NA;NA
550;65.03;15.37;1.5;1;0;1.56;1.67753
520;65.05;15.75;5.4;1;0;0.02;0.50291
285;65.09972;20.11;NA;1;1;NA;NA
325;65.06667;17.16639;NA;1;1;NA;NA
594;65.06;14.79;6.4;1;0;3.88;2
420;65.09972;16.69;7.6;1;0;2.32;2
195;65.12972;20.79;NA;1;1;NA;NA
560;65.14;15.05;4.4;1;0;0.32;1.50524
400;65.17;17.82;NA;1;1;NA;NA
320;65.19;18.75;NA;1;1;NA;NA
525;65.23972;15.99;7.2;1;0;0.76;2
4;65.23972;21.63;NA;1;1;NA;NA
570;65.26;15.53;6.7;1;0;2.77;2
350;65.26;16.84;2.7;1;0;3.42;2
9;65.31972;21.49;NA;1;1;NA;NA
395;65.28;19.67;NA;1;1;NA;NA
250;65.3;20.21;NA;1;1;NA;NA
1;65.31;22.37;NA;1;1;NA;NA
570;65.33;15.07;2;1;0;0.33;0.58906
370;65.34;17.46;NA;1;1;NA;NA
220;65.34;20.9;NA;1;1;NA;NA
530;65.34972;16.11;4;1;0;0.06;0.5
5;65.36;21.39;NA;1;1;NA;NA
415;65.37;18.21;NA;1;1;NA;NA
440;65.43;18.81;NA;1;1;NA;NA
435;65.5;15.6;0.1;1;0;6.29;2
285;65.5;20.47;NA;1;1;NA;NA
453;65.51;18.95;NA;1;1;NA;NA
435;65.54;16.98;6.5;1;0;0.63;1.33295
360;65.54;17.55;NA;1;1;NA;NA
652;65.54;16.54;4.4;1;0;0;0.5
17;65.54306;22.11917;NA;1;1;NA;NA
425;65.59972;18.18;NA;1;1;NA;NA
425;65.62;16.61;5.1;1;0;0.02;0.64028
5;65.62;22.13;NA;1;1;NA;NA
360;65.65;19.83;NA;1;1;NA;NA
420;65.67;15.13;2.8;1;0;2.48;2
475;65.68;15.82;1.6;1;0;0.75;1.21187
47;65.69;20.99;NA;1;1;NA;NA
490;65.73;14.63;0;1;0;0.64;1.85448
4;65.73;23.09;NA;1;1;NA;NA
515;65.75;15.55;0.8;1;0;0.65;1.48196
520;65.75;16.2;2.6;1;0;0.56;0.87776
475;65.79667;15.10417;3.5;1;0;0.71;1.5099
25;65.81972;21.64;NA;1;1;NA;NA
350;65.81972;16.71;3.1;1;0;0;0.5
5;65.82694;24.14389;NA;1;1;NA;NA
180;65.87972;20.13;NA;1;1;NA;NA
8;65.87972;22.4;NA;1;1;NA;NA
370;65.9;19.09;NA;1;1;NA;NA
505;65.9;17.11;3.6;1;0;1.49;0.57974
20;65.92;23.43;NA;1;1;NA;NA
15;65.95;22.1;NA;1;1;NA;NA
525;65.95;15.04;0.3;1;0;0.12;0.5
420;65.97;16.23;1.9;1;0;0.34;0.91036
60;66.02;21.17;NA;1;1;NA;NA
431;66.05222;17.84306;NA;1;1;NA;NA
40;66.06972;22.75;NA;1;1;NA;NA
460;66.09972;17.17;7.4;1;0;6.72;2
320;66.19;20.25;NA;1;1;NA;NA
60;66.23;21.79;NA;1;1;NA;NA
235;66.27;22.26;NA;1;1;NA;NA
61;66.34;22.8;NA;1;1;NA;NA
170;66.3;20.42;NA;1;1;NA;NA
410;66.3;18.55;NA;1;1;NA;NA
220;66.36;21.85;NA;1;1;NA;NA
70;66.37972;23.65;NA;1;1;NA;NA
430;66.37972;17;1.6;1;0;4.13;2
261;66.39;21.62;NA;1;1;NA;NA
261;66.39;21.61;NA;1;1;NA;NA
510;66.41;17.32972;2.8;1;0;1.49;1.93364
370;66.43;19.69;NA;1;1;NA;NA
470;66.48972;16.53;2.5;1;0;1.04;0.87311
260;66.48;20.88;NA;1;1;NA;NA
230;66.51;20.26;NA;1;1;NA;NA
520;66.48972;17.25;0;1;12;NA;NA
240;66.52;21.91;NA;1;1;NA;NA
458;66.53;17.67;1.2;1;0;1.49;1.90105
500;66.58;16.35;1.8;1;0;0.2;0.76834
254;66.62972;19.64;NA;1;1;NA;NA
170;66.62;23.3;NA;1;1;NA;NA
420;66.69;18.81;NA;1;1;NA;NA
105;66.66;22.72;NA;1;1;NA;NA
377;66.73972;20.36;NA;1;1;NA;NA
350;66.76;21.05;NA;1;1;NA;NA
285;66.76;19.32;NA;1;1;NA;NA
330;66.77;21.77;NA;1;1;NA;NA
178;66.84972;23.06;NA;1;1;NA;NA
314;66.95972;17.73;2.6;1;0;0.41;0.68219
355;66.9;19.24;NA;1;1;NA;NA
300;66.92;18.54;7.3;1;0;4.58;2
355;66.92;21.56;NA;1;1;NA;NA
110;66.95972;23.83;NA;1;1;NA;NA
390;66.95972;19.82;NA;1;1;NA;NA
255;67.09;22.22;NA;1;1;NA;NA
370;67.12972;19.5;NA;1;1;NA;NA
530;67.15;18.31;1.6;1;0;2.7;2
165;67.18;22.65;NA;1;1;NA;NA
400;67.17;20.67;NA;1;1;NA;NA
168;67.20972;23.39278;NA;1;1;NA;NA
320;67.23;21.61;NA;1;1;NA;NA
460;67.26;20.28;NA;1;1;NA;NA
385;67.31;18.9;4.9;1;0;0.54;1.22584
240;67.33;22.24;NA;1;1;NA;NA
180;67.36;23.32;NA;1;1;NA;NA
390;67.42;21.12;NA;1;1;NA;NA
230;67.5;22.66;NA;1;1;NA;NA
490;67.52;20.24;3.3;1;0;-1;NA
345;67.65;21.05;NA;1;1;NA;NA
250;67.68;21.63;NA;1;1;NA;NA
310;67.73;22.83;NA;1;1;NA;NA
200;67.73;23.49;NA;1;1;NA;NA
315;67.76;22.35;NA;1;1;NA;NA
465;67.8;19.86;3.3;1;0;1.41;2
459;67.83;20.34;4.1;1;0;0.12;0.7241
335;67.89;21.07;3.3;1;0;1.49;1.92433
240;67.94;23.44;NA;1;1;NA;NA
630;68.05;21.98;NA;1;1;NA;NA
365;68.09;21.7;2;1;0;1.49;1.92433
250;68.12;23.33;1.4;1;0;2.54;2
350;68.2;22.76;NA;1;1;NA;NA
393;68.22;19.71;6.2;1;0;1.99;2
-999;68.29;17.30972;0;1;1;NA;NA
388;68.36;18.82;0.9;1;0;3.66;2
515;68.42167;18.16944;0;1;0;1.43;1.67288
330;68.44194;22.45028;2;1;0;0.28;0.57509
403;68.68;21.53;1.3;1;0;0.55;1.35157
465;68.91;20.87;1.7;1;0;1.12;2
5;60.12444;19.90667;NA;1;1;NA;NA
9;59.78417;21.37083;NA;1;1;NA;NA
8;59.95917;19.9575;NA;1;1;NA;NA
7;60.16667;21.56667;NA;1;1;NA;NA
8;60.21667;21.26667;NA;1;1;NA;NA
10;60.28306;20.05;NA;1;1;NA;NA
10;60.38306;19.91667;NA;1;1;NA;NA
7;60.4;21.96667;NA;1;1;NA;NA
13;60.45139;21.85083;NA;1;1;NA;NA
11;60.17806;19.98944;NA;1;1;NA;NA
5;59.77333;22.95167;NA;1;1;NA;NA
6;60.38667;22.55444;NA;1;1;NA;NA
11;59.93417;22.93056;NA;1;1;NA;NA
21;60.12917;22.64917;NA;1;1;NA;NA
15;60.3;22.26667;NA;1;1;NA;NA
30;60.43306;22.28306;NA;1;1;NA;NA
4;60.43306;22.18306;NA;1;1;NA;NA
31;60.13306;22.45;NA;1;1;NA;NA
84;60.4;23.76667;NA;1;1;NA;NA
3;59.84389;23.25167;NA;1;1;NA;NA
8;60.1;23.53306;NA;1;1;NA;NA
3;60.37333;23.11583;NA;1;1;NA;NA
35;60.05194;23.29389;NA;1;1;NA;NA
38;60.08306;23.71667;NA;1;1;NA;NA
69;60.32389;23.71;NA;1;1;NA;NA
96;60.49083;23.76917;NA;1;1;NA;NA
36;60.11667;23.38306;NA;1;1;NA;NA
51;60.32694;24.96028;NA;1;1;NA;NA
10;59.93083;24.01694;NA;1;1;NA;NA
5;60.1;24.91667;NA;1;1;NA;NA
47;60.2;24.91667;NA;1;1;NA;NA
37;60.24389;24.0525;NA;1;1;NA;NA
42;60.41833;24.40167;NA;1;1;NA;NA
20;60.1;24.35;NA;1;1;NA;NA
13;60.21667;24.65;NA;1;1;NA;NA
76;60.4;24.38306;NA;1;1;NA;NA
80;60.4;24.45;NA;1;1;NA;NA
64;60.41278;24.46056;NA;1;1;NA;NA
70;60.41667;24.43306;NA;1;1;NA;NA
60;60.41667;24.43306;NA;1;1;NA;NA
15;60.25306;25.04806;NA;1;1;NA;NA
49;60.36667;24.98306;NA;1;1;NA;NA
17;60.40556;25.65889;NA;1;1;NA;NA
45;60.41667;25.03306;NA;1;1;NA;NA
11;60.26389;25.6375;NA;1;1;NA;NA
24;60.39306;25.43389;NA;1;1;NA;NA
22;60.2;25.08306;NA;1;1;NA;NA
9;60.37528;26.96167;NA;1;1;NA;NA
4;60.42167;26.36917;NA;1;1;NA;NA
4;60.36667;26.4;NA;1;1;NA;NA
3;60.43306;26.36667;NA;1;1;NA;NA
14;60.48306;26.13306;NA;1;1;NA;NA
13;61.46556;21.79667;NA;1;1;NA;NA
17;61.13917;21.36806;NA;1;1;NA;NA
13;60.62944;21.85806;NA;1;1;NA;NA
7;60.55;21.36667;NA;1;1;NA;NA
6;60.80167;21.42806;NA;1;1;NA;NA
21;60.83306;21.76028;NA;1;1;NA;NA
5;60.84556;21.24306;NA;1;1;NA;NA
40;61.06667;21.91667;NA;1;1;NA;NA
18;61.11806;21.7625;NA;1;1;NA;NA
16;61.15583;21.57639;NA;1;1;NA;NA
7;61.33056;21.65667;NA;1;1;NA;NA
20;60.66667;21.83306;NA;1;1;NA;NA
4;61.23306;21.63306;NA;1;1;NA;NA
49;60.51528;22.2775;NA;1;1;NA;NA
60;61.16667;22.78306;NA;1;1;NA;NA
37;61.27056;22.25194;NA;1;1;NA;NA
70;60.56667;22.76667;NA;1;1;NA;NA
39;60.57389;22.44944;NA;1;1;NA;NA
27;60.61667;22.11667;NA;1;1;NA;NA
70;60.85;22.71667;NA;1;1;NA;NA
50;60.96667;22.1;NA;1;1;NA;NA
70;61.02306;22.70167;NA;1;1;NA;NA
57;61.1;22.16667;NA;1;1;NA;NA
46;61.11;22.3775;NA;1;1;NA;NA
40;61.23306;22.28306;NA;1;1;NA;NA
31;61.31444;22.12694;NA;1;1;NA;NA
82;60.90417;22.715;NA;1;1;NA;NA
35;61.26667;22.28306;NA;1;1;NA;NA
55;61.28306;22.7;NA;1;1;NA;NA
57;60.60167;22.64083;NA;1;1;NA;NA
53;60.87139;22.39139;NA;1;1;NA;NA
104;60.81389;23.50056;NA;1;1;NA;NA
85;61.46667;23.75;NA;1;1;NA;NA
83;60.51833;23.67833;NA;1;1;NA;NA
148;60.62889;23.92389;NA;1;1;NA;NA
87;60.63306;23.51667;NA;1;1;NA;NA
89;60.69667;23.13417;NA;1;1;NA;NA
98;60.85;23.03306;NA;1;1;NA;NA
99;61.10667;23.68;NA;1;1;NA;NA
90;61.15;23.18306;NA;1;1;NA;NA
80;61.18306;23.93306;NA;1;1;NA;NA
85;61.35;23.6;NA;1;1;NA;NA
99;61.39639;23.33944;NA;1;1;NA;NA
119;61.42056;23.62306;NA;1;1;NA;NA
86;60.59556;24.80639;NA;1;1;NA;NA
88;61.06667;24.23306;NA;1;1;NA;NA
87;61.12694;24.33583;NA;1;1;NA;NA
98;61.15;24.58306;NA;1;1;NA;NA
103;61.33778;24.21056;NA;1;1;NA;NA
100;60.52444;24.51889;NA;1;1;NA;NA
90;60.53306;24.75;NA;1;1;NA;NA
124;60.77667;24.16306;NA;1;1;NA;NA
102;60.80528;24.84667;NA;1;1;NA;NA
110;60.93306;24.68306;NA;1;1;NA;NA
129;61.00639;23.92306;NA;1;1;NA;NA
122;61.07639;24.83583;NA;1;1;NA;NA
93;61.31667;24.05;NA;1;1;NA;NA
99;61.35306;24.82417;NA;1;1;NA;NA
119;60.68556;24.365;NA;1;1;NA;NA
111;60.50833;24.65667;NA;1;1;NA;NA
78;60.96167;25.63417;NA;1;1;NA;NA
78;60.80639;25.77194;NA;1;1;NA;NA
125;61.05389;25.04194;NA;1;1;NA;NA
85;61.30056;25.54556;NA;1;1;NA;NA
112;60.96667;25.71667;NA;1;1;NA;NA
119;61.06306;25.2475;NA;1;1;NA;NA
101;61.06694;25.4175;NA;1;1;NA;NA
147;61.15;25.25;NA;1;1;NA;NA
89;61.36194;25.23167;NA;1;1;NA;NA
79;60.62444;25.2275;NA;1;1;NA;NA
95;60.83306;25.43306;NA;1;1;NA;NA
104;61.13667;25.79556;NA;1;1;NA;NA
120;61.05;25.16667;NA;1;1;NA;NA
120;61.08306;25.13306;NA;1;1;NA;NA
132;61.12389;25.13639;NA;1;1;NA;NA
145;61.04139;25.015;NA;1;1;NA;NA
135;61.01667;25.13306;NA;1;1;NA;NA
145;61;25.28306;NA;1;1;NA;NA
104;60.8775;25.26556;NA;1;1;NA;NA
99;60.89028;26.94417;NA;1;1;NA;NA
14;60.5;26.96667;NA;1;1;NA;NA
26;60.62194;26.14306;NA;1;1;NA;NA
33;60.69639;26.81333;NA;1;1;NA;NA
61;60.9;26.65;NA;1;1;NA;NA
92;61.19944;26.05278;NA;1;1;NA;NA
57;60.74667;26.08083;NA;1;1;NA;NA
43;60.76667;26.76667;NA;1;1;NA;NA
70;60.85;26.21667;NA;1;1;NA;NA
75;60.88306;26.78306;NA;1;1;NA;NA
82;61.08306;26.18306;NA;1;1;NA;NA
130;61.46667;26.2;NA;1;1;NA;NA
83;61.5;26.71667;NA;1;1;NA;NA
30;60.7;26.83306;NA;1;1;NA;NA
80;60.8875;26.35667;NA;1;1;NA;NA
90;61.25083;26.78194;NA;1;1;NA;NA
50;60.85;26.78306;NA;1;1;NA;NA
22;60.53306;27.55;NA;1;1;NA;NA
25;60.58306;27.48306;NA;1;1;NA;NA
12;60.55;27.15;NA;1;1;NA;NA
20;60.63306;27.45;NA;1;1;NA;NA
35;60.65;27.41667;NA;1;1;NA;NA
40;60.71667;27.7;NA;1;1;NA;NA
15;60.75;27.08306;NA;1;1;NA;NA
100;61;27.21667;NA;1;1;NA;NA
81;61.2;27.68306;NA;1;1;NA;NA
100;61.28306;27.21667;NA;1;1;NA;NA
100;61.35;27.48306;NA;1;1;NA;NA
5;60.52694;27.67556;NA;1;1;NA;NA
106;61.04389;28.15417;NA;1;1;NA;NA
95;61.36667;28.66667;NA;1;1;NA;NA
58;61.16667;28.78306;NA;1;1;NA;NA
100;61.38306;28.66667;NA;1;1;NA;NA
110;61.41667;28.65;NA;1;1;NA;NA
75;61.4225;29.39444;NA;1;1;NA;NA
39;61.84806;21.65417;NA;1;1;NA;NA
54;62.13278;21.67694;NA;1;1;NA;NA
70;62.18306;21.8;NA;1;1;NA;NA
60;62.49167;21.76278;NA;1;1;NA;NA
1;62.2575;21.32083;NA;1;1;NA;NA
124;61.83806;22.46694;NA;1;1;NA;NA
92;61.51667;22.98306;NA;1;1;NA;NA
160;62.18306;22.80306;NA;1;1;NA;NA
69;61.61417;22.54417;NA;1;1;NA;NA
105;61.7;22.78306;NA;1;1;NA;NA
85;61.7;22.01667;NA;1;1;NA;NA
125;61.71667;22.8;NA;1;1;NA;NA
124;61.73889;22.82639;NA;1;1;NA;NA
115;61.73306;22.71667;NA;1;1;NA;NA
85;61.91667;22.23306;NA;1;1;NA;NA
136;62.13167;22.56444;NA;1;1;NA;NA
166;62.28306;22.4;NA;1;1;NA;NA
140;62.31667;22.86667;NA;1;1;NA;NA
97;62.41528;22.19306;NA;1;1;NA;NA
100;62.47278;22.91333;NA;1;1;NA;NA
115;62.11667;22.05;NA;1;1;NA;NA
150;62.15;22.23306;NA;1;1;NA;NA
170;61.94889;23.37667;NA;1;1;NA;NA
171;62.2;23.31667;NA;1;1;NA;NA
155;61.60889;23.5075;NA;1;1;NA;NA
118;61.92083;23.09556;NA;1;1;NA;NA
142;62.11667;23.01667;NA;1;1;NA;NA
207;62.06667;23.65;NA;1;1;NA;NA
113;62.155;23.65778;NA;1;1;NA;NA
150;62.18306;23.08306;NA;1;1;NA;NA
128;62.21667;23.83306;NA;1;1;NA;NA
120;62.44917;23.55806;NA;1;1;NA;NA
130;62.48306;23.76667;NA;1;1;NA;NA
142;61.8;23.5;NA;1;1;NA;NA
145;61.85639;24.78917;NA;1;1;NA;NA
98;61.55;24.23306;NA;1;1;NA;NA
153;61.84556;24.29056;NA;1;1;NA;NA
120;61.5;24.81667;NA;1;1;NA;NA
89;61.55;24.53306;NA;1;1;NA;NA
110;61.63306;24.3;NA;1;1;NA;NA
100;61.66667;24.35;NA;1;1;NA;NA
118;61.78306;24.55;NA;1;1;NA;NA
106;61.81667;24.5;NA;1;1;NA;NA
112;61.91667;24.06667;NA;1;1;NA;NA
115;62.01667;24.51667;NA;1;1;NA;NA
140;62.01667;24.71667;NA;1;1;NA;NA
115;62.15;24.05;NA;1;1;NA;NA
120;62.21667;24.41667;NA;1;1;NA;NA
110;62.26667;24.71667;NA;1;1;NA;NA
145;62.31667;24.13306;NA;1;1;NA;NA
180;62.33306;24.3;NA;1;1;NA;NA
103;61.49694;24.62139;NA;1;1;NA;NA
115;62.23306;25.73306;NA;1;1;NA;NA
92;61.51056;25.81444;NA;1;1;NA;NA
100;61.54306;25.96944;NA;1;1;NA;NA
100;61.66667;25.26667;NA;1;1;NA;NA
157;61.75;25.88306;NA;1;1;NA;NA
98;61.79056;25.68528;NA;1;1;NA;NA
85;61.835;25.85667;NA;1;1;NA;NA
85;61.86667;25.18306;NA;1;1;NA;NA
184;62.13306;25.38306;NA;1;1;NA;NA
199;62.15;25.38306;NA;1;1;NA;NA
125;62.15444;25.42806;NA;1;1;NA;NA
113;62.23306;25.71667;NA;1;1;NA;NA
139;62.33306;25.15;NA;1;1;NA;NA
125;61.66667;25.16667;NA;1;1;NA;NA
185;62.44167;25.01806;NA;1;1;NA;NA
148;62.4;25.6;NA;1;1;NA;NA
146;61.87917;26.09889;NA;1;1;NA;NA
170;61.6;26.4;NA;1;1;NA;NA
104;61.60417;26.01806;NA;1;1;NA;NA
137;61.65;26.58306;NA;1;1;NA;NA
155;61.7;26.26667;NA;1;1;NA;NA
100;61.73306;26.06667;NA;1;1;NA;NA
100;61.8;26.85;NA;1;1;NA;NA
100;61.8;26.21667;NA;1;1;NA;NA
101;61.85;26.26667;NA;1;1;NA;NA
105;61.98056;26.64556;NA;1;1;NA;NA
110;62.11667;26.96667;NA;1;1;NA;NA
173;62.48306;26.46667;NA;1;1;NA;NA
122;61.76556;26.39556;NA;1;1;NA;NA
114;62.30556;26.48917;NA;1;1;NA;NA
145;61.53139;26.33056;NA;1;1;NA;NA
147;61.91;26.1275;NA;1;1;NA;NA
101;61.68694;27.21;NA;1;1;NA;NA
91;62.30806;27.84417;NA;1;1;NA;NA
107;61.67417;27.22556;NA;1;1;NA;NA
130;61.66083;27.075;NA;1;1;NA;NA
85;61.66667;27.8;NA;1;1;NA;NA
119;61.86667;27.76667;NA;1;1;NA;NA
130;62.28306;27.16667;NA;1;1;NA;NA
87;62.45;27.68306;NA;1;1;NA;NA
103;62.03389;27.19694;NA;1;1;NA;NA
125;62.3;27.15;NA;1;1;NA;NA
85;61.58306;27.65;NA;1;1;NA;NA
124;62.28306;26.98306;NA;1;1;NA;NA
104;62.18306;27.6;NA;1;1;NA;NA
124;61.95;27.26667;NA;1;1;NA;NA
146;61.56667;28.07889;NA;1;1;NA;NA
94;61.79556;28.84917;NA;1;1;NA;NA
85;61.81667;28.43306;NA;1;1;NA;NA
110;61.92306;28.32306;NA;1;1;NA;NA
120;61.98306;28.05;NA;1;1;NA;NA
84;62.4;28.73306;NA;1;1;NA;NA
109;61.58306;28.18306;NA;1;1;NA;NA
95;61.94583;28.93444;NA;1;1;NA;NA
78;61.80167;29.31806;NA;1;1;NA;NA
95;61.87917;29.83167;NA;1;1;NA;NA
85;61.91667;29.28306;NA;1;1;NA;NA
119;61.96667;29.48306;NA;1;1;NA;NA
95;62.05528;29.04694;NA;1;1;NA;NA
150;62.31667;29.08306;NA;1;1;NA;NA
90;62.16833;29.28028;NA;1;1;NA;NA
90;62.31083;29.63278;NA;1;1;NA;NA
104;62.1;30.13306;NA;1;1;NA;NA
90;62.235;30.34944;NA;1;1;NA;NA
115;62.43583;30.41139;NA;1;1;NA;NA
6;63.04167;21.76778;NA;1;1;NA;NA
4;63.43528;21.06806;NA;1;1;NA;NA
20;62.61667;21.46667;NA;1;1;NA;NA
35;62.65;21.55;NA;1;1;NA;NA
10;62.68306;21.35;NA;1;1;NA;NA
35;62.73306;21.65944;NA;1;1;NA;NA
8;62.95;21.7;NA;1;1;NA;NA
5;62.96806;21.205;NA;1;1;NA;NA
15;62.97028;21.78;NA;1;1;NA;NA
13;62.96667;21.68306;NA;1;1;NA;NA
4;62.88306;21.1;NA;1;1;NA;NA
26;62.93667;22.49083;NA;1;1;NA;NA
16;63.26667;22.43306;NA;1;1;NA;NA
62;62.61667;22.39583;NA;1;1;NA;NA
60;62.71667;22.6;NA;1;1;NA;NA
87;62.78306;22.81667;NA;1;1;NA;NA
45;62.83306;22.65;NA;1;1;NA;NA
35;62.88306;22.53306;NA;1;1;NA;NA
40;62.9;22.55;NA;1;1;NA;NA
35;62.91667;22.61667;NA;1;1;NA;NA
15;63.055;22.12028;NA;1;1;NA;NA
35;63.26667;22.71667;NA;1;1;NA;NA
20;63.4;22.65;NA;1;1;NA;NA
102;62.55;22.95;NA;1;1;NA;NA
42;63.12028;23.04694;NA;1;1;NA;NA
34;62.96667;23.01667;NA;1;1;NA;NA
130;62.51667;23.7;NA;1;1;NA;NA
145;62.53306;23.76667;NA;1;1;NA;NA
115;62.55;23.65;NA;1;1;NA;NA
110;62.63306;23.41667;NA;1;1;NA;NA
86;62.98306;23.78306;NA;1;1;NA;NA
85;63.34667;23.1675;NA;1;1;NA;NA
62;63.43306;23.41417;NA;1;1;NA;NA
60;62.9;23.28306;NA;1;1;NA;NA
157;62.53444;24.22056;NA;1;1;NA;NA
202;63.05056;24.28167;NA;1;1;NA;NA
150;62.51667;24.7;NA;1;1;NA;NA
160;62.78556;24.0075;NA;1;1;NA;NA
155;62.86667;24.8;NA;1;1;NA;NA
185;63.33306;24.61667;NA;1;1;NA;NA
160;63.43306;24.5;NA;1;1;NA;NA
153;63.44528;24.44778;NA;1;1;NA;NA
160;63.03306;24.56667;NA;1;1;NA;NA
128;63.46667;24.16667;NA;1;1;NA;NA
132;63.08167;25.86167;NA;1;1;NA;NA
102;62.6;25.71667;NA;1;1;NA;NA
118;62.66667;25.26667;NA;1;1;NA;NA
107;62.875;25.86528;NA;1;1;NA;NA
150;62.96667;25.25;NA;1;1;NA;NA
103;63.05;25.53306;NA;1;1;NA;NA
110;63.08306;25.85;NA;1;1;NA;NA
115;63.16694;25.93917;NA;1;1;NA;NA
128;63.29833;25.64667;NA;1;1;NA;NA
114;63.36667;25.56667;NA;1;1;NA;NA
138;63.11667;25.08306;NA;1;1;NA;NA
120;62.92139;26.42806;NA;1;1;NA;NA
97;62.51667;26.01667;NA;1;1;NA;NA
181;62.51667;26;NA;1;1;NA;NA
118;62.53306;26.01667;NA;1;1;NA;NA
93;62.56667;26.28306;NA;1;1;NA;NA
104;62.91667;26.98306;NA;1;1;NA;NA
114;62.75;26.16667;NA;1;1;NA;NA
109;63.2;26.66667;NA;1;1;NA;NA
103;62.71;26.77806;NA;1;1;NA;NA
108;63.23306;26.75;NA;1;1;NA;NA
99;63.00806;27.8025;NA;1;1;NA;NA
119;62.9;27.68306;NA;1;1;NA;NA
90;63.14306;27.31583;NA;1;1;NA;NA
114;62.55;27.6;NA;1;1;NA;NA
179;63.38306;27.65;NA;1;1;NA;NA
89;63.37694;27.37306;NA;1;1;NA;NA
103;62.66417;27.05028;NA;1;1;NA;NA
100;62.57028;28.59556;NA;1;1;NA;NA
113;62.61667;28.94556;NA;1;1;NA;NA
114;62.7;28.91667;NA;1;1;NA;NA
124;62.7;28.9;NA;1;1;NA;NA
127;62.7;28.88306;NA;1;1;NA;NA
106;63.1;28.06667;NA;1;1;NA;NA
100;63.21667;28.06667;NA;1;1;NA;NA
115;63.27083;28.47306;NA;1;1;NA;NA
112;63.36667;28;NA;1;1;NA;NA
166;63.37778;28.665;NA;1;1;NA;NA
121;62.65944;29.61444;NA;1;1;NA;NA
116;63.23167;29.23778;NA;1;1;NA;NA
85;62.51667;29.81056;NA;1;1;NA;NA
119;62.53306;29.21667;NA;1;1;NA;NA
100;62.66667;29.03306;NA;1;1;NA;NA
100;62.78306;29.15;NA;1;1;NA;NA
95;62.79639;29.18833;NA;1;1;NA;NA
100;62.81667;29.08306;NA;1;1;NA;NA
165;63.10806;29.76167;NA;1;1;NA;NA
219;63.01167;29.01;NA;1;1;NA;NA
162;62.66667;30.93306;NA;1;1;NA;NA
98;63.32056;30.04917;NA;1;1;NA;NA
150;62.8;30.41667;NA;1;1;NA;NA
231;63.03194;31.06194;NA;1;1;NA;NA
151;63.43306;30.43306;NA;1;1;NA;NA
170;63.28306;30.53306;NA;1;1;NA;NA
194;62.86667;31.25;NA;1;1;NA;NA
11;63.73306;22.58306;NA;1;1;NA;NA
8;63.66667;22.65;NA;1;1;NA;NA
6;63.8;22.75;NA;1;1;NA;NA
5;63.53306;22.53306;NA;1;1;NA;NA
5;63.66667;22.73306;NA;1;1;NA;NA
26;63.71694;23.1425;NA;1;1;NA;NA
70;63.59306;23.72028;NA;1;1;NA;NA
8;63.71667;23.06667;NA;1;1;NA;NA
9;63.88306;23.23806;NA;1;1;NA;NA
10;63.86667;23.43306;NA;1;1;NA;NA
100;63.88306;23.43306;NA;1;1;NA;NA
5;63.91667;23.4;NA;1;1;NA;NA
5;63.95;23.46667;NA;1;1;NA;NA
3;64.21667;23.7;NA;1;1;NA;NA
79;63.91667;24.96667;NA;1;1;NA;NA
147;63.51667;24.66667;NA;1;1;NA;NA
90;63.76306;24.28417;NA;1;1;NA;NA
70;63.86667;24.05;NA;1;1;NA;NA
79;63.98306;24.28306;NA;1;1;NA;NA
33;64.2;24.15;NA;1;1;NA;NA
20;64.23056;24.01917;NA;1;1;NA;NA
40;64.27306;24.21083;NA;1;1;NA;NA
78;64.23056;24.88639;NA;1;1;NA;NA
88;63.75;25.33306;NA;1;1;NA;NA
112;64.14167;25.42806;NA;1;1;NA;NA
145;63.56667;25.75;NA;1;1;NA;NA
115;63.7;25.03306;NA;1;1;NA;NA
130;63.75;25.46667;NA;1;1;NA;NA
140;63.78306;25.36667;NA;1;1;NA;NA
120;63.89056;25.78806;NA;1;1;NA;NA
100;64.13306;25.38306;NA;1;1;NA;NA
80;64.28306;25.86667;NA;1;1;NA;NA
148;63.65;26.05;NA;1;1;NA;NA
110;63.72806;26.37306;NA;1;1;NA;NA
130;63.75;26.21667;NA;1;1;NA;NA
160;63.76667;26.08306;NA;1;1;NA;NA
190;64.05;26.53306;NA;1;1;NA;NA
91;64.35528;26.3025;NA;1;1;NA;NA
180;63.93306;26.61667;NA;1;1;NA;NA
216;64.05056;26.92889;NA;1;1;NA;NA
198;63.93306;26.41667;NA;1;1;NA;NA
150;63.7;26.21667;NA;1;1;NA;NA
120;64.11667;26.55;NA;1;1;NA;NA
147;64.28139;27.67833;NA;1;1;NA;NA
207;63.84056;27.22417;NA;1;1;NA;NA
101;63.58028;27.18;NA;1;1;NA;NA
115;63.65;27.53306;NA;1;1;NA;NA
100;63.7;27.4;NA;1;1;NA;NA
170;64.11667;27.05;NA;1;1;NA;NA
153;63.77833;27.80583;NA;1;1;NA;NA
100;63.88;27.43889;NA;1;1;NA;NA
125;64.4;27.13306;NA;1;1;NA;NA
307;64.08306;27.95;NA;1;1;NA;NA
115;63.66667;28.8325;NA;1;1;NA;NA
153;63.95444;28.42917;NA;1;1;NA;NA
152;64.13306;28.55;NA;1;1;NA;NA
170;64.2;28.33306;NA;1;1;NA;NA
196;64.36556;28.61083;NA;1;1;NA;NA
150;64.48306;28.16667;NA;1;1;NA;NA
268;64.46917;28.62167;NA;1;1;NA;NA
209;63.75;28.56667;NA;1;1;NA;NA
220;63.91667;28.7;NA;1;1;NA;NA
172;64.11889;29.47389;NA;1;1;NA;NA
258;63.82417;29.45806;NA;1;1;NA;NA
163;64.09972;29.31667;NA;1;1;NA;NA
181;64.26667;29.83306;NA;1;1;NA;NA
8;65.01917;24.73139;NA;1;1;NA;NA
15;64.66667;24.61667;NA;1;1;NA;NA
48;64.65;24.73306;NA;1;1;NA;NA
14;64.92833;25.35056;NA;1;1;NA;NA
48;64.68333;25.0925;NA;1;1;NA;NA
19;64.815;25.98306;NA;1;1;NA;NA
13;65.03306;25.48306;NA;1;1;NA;NA
47;64.65806;25.62056;NA;1;1;NA;NA
17;65.08306;25.38306;NA;1;1;NA;NA
45;65.36667;25.85;NA;1;1;NA;NA
114;64.50083;26.4275;NA;1;1;NA;NA
121;64.56667;26.78306;NA;1;1;NA;NA
57;64.8425;26.04444;NA;1;1;NA;NA
90;65.08306;26.46667;NA;1;1;NA;NA
116;65.36667;27.01667;NA;1;1;NA;NA
127;64.56667;27.16667;NA;1;1;NA;NA
132;64.92694;27.19194;NA;1;1;NA;NA
220;65.09972;27.53306;NA;1;1;NA;NA
122;65.31667;27.35;NA;1;1;NA;NA
135;65.16028;27.65028;NA;1;1;NA;NA
156;64.86667;27.7;NA;1;1;NA;NA
145;64.5;28.36667;NA;1;1;NA;NA
210;64.71667;28.66667;NA;1;1;NA;NA
251;65.23917;28.45167;NA;1;1;NA;NA
170;64.7;28.6;NA;1;1;NA;NA
191;64.88306;28.91667;NA;1;1;NA;NA
220;64.9025;29.01667;NA;1;1;NA;NA
200;64.71667;29.68306;NA;1;1;NA;NA
250;65.37167;29.22167;NA;1;1;NA;NA
220;64.59556;29.13;NA;1;1;NA;NA
205;65.21667;29.51667;NA;1;1;NA;NA
289;65.26528;29.01583;NA;1;1;NA;NA
79;66.36667;23.91667;NA;1;1;NA;NA
19;65.78306;24.58306;NA;1;1;NA;NA
5;65.65;24.9;NA;1;1;NA;NA
10;65.84972;24.58306;NA;1;1;NA;NA
100;66.38306;24.15;NA;1;1;NA;NA
43;65.96667;24.46667;NA;1;1;NA;NA
7;65.68306;24.78306;NA;1;1;NA;NA
77;65.91667;25.08306;NA;1;1;NA;NA
130;66.31667;25.16667;NA;1;1;NA;NA
80;66.36667;25.36667;NA;1;1;NA;NA
101;65.65;25.95;NA;1;1;NA;NA
40;65.53306;25.5;NA;1;1;NA;NA
154;65.9325;26.51639;NA;1;1;NA;NA
137;66.32278;26.93667;NA;1;1;NA;NA
130;66.33306;26.85;NA;1;1;NA;NA
150;66.3;26.86667;NA;1;1;NA;NA
195;66.20278;26.21556;NA;1;1;NA;NA
227;66.13306;26.11667;NA;1;1;NA;NA
155;66.18306;27.88306;NA;1;1;NA;NA
160;66.34972;27.15;NA;1;1;NA;NA
250;66.48306;27.75;NA;1;1;NA;NA
162;65.78917;27.33667;NA;1;1;NA;NA
209;65.58306;28.25;NA;1;1;NA;NA
310;65.935;28.97833;NA;1;1;NA;NA
262;65.97806;28.17444;NA;1;1;NA;NA
248;65.73417;28.56417;NA;1;1;NA;NA
243;66.11583;28.14889;NA;1;1;NA;NA
264;65.995;29.22583;NA;1;1;NA;NA
160;66.36806;29.31917;NA;1;1;NA;NA
360;65.9;29.06667;NA;1;1;NA;NA
270;65.91667;29.86667;NA;1;1;NA;NA
262;65.91667;29.23306;NA;1;1;NA;NA
270;65.95278;29.13306;NA;1;1;NA;NA
290;66.05306;29.15694;NA;1;1;NA;NA
235;65.58306;29.51667;NA;1;1;NA;NA
148;67.27889;23.77167;NA;1;1;NA;NA
70;66.58306;23.9;NA;1;1;NA;NA
125;67.23306;23.58306;NA;1;1;NA;NA
213;67.48306;23.9;NA;1;1;NA;NA
92;66.52889;24.65306;NA;1;1;NA;NA
135;66.84056;24.38417;NA;1;1;NA;NA
180;66.84972;24.66667;NA;1;1;NA;NA
170;67.28306;24.88306;NA;1;1;NA;NA
171;67.38389;24.01583;NA;1;1;NA;NA
84;66.77222;23.96694;NA;1;1;NA;NA
182;67.46667;24.91667;NA;1;1;NA;NA
195;66.55806;25.83528;NA;1;1;NA;NA
180;66.91667;25.25;NA;1;1;NA;NA
110;66.61083;25.37639;NA;1;1;NA;NA
150;66.51667;25.65;NA;1;1;NA;NA
106;66.57889;26.015;NA;1;1;NA;NA
210;67.25;26.58306;NA;1;1;NA;NA
170;66.62444;26.68556;NA;1;1;NA;NA
190;67.01667;26.43306;NA;1;1;NA;NA
210;67.25;26.55;NA;1;1;NA;NA
220;67.26667;26.53306;NA;1;1;NA;NA
180;66.51667;27.78306;NA;1;1;NA;NA
160;66.56667;27.7;NA;1;1;NA;NA
155;67.09944;27.51389;NA;1;1;NA;NA
171;66.66667;27.5;NA;1;1;NA;NA
221;66.82083;28.6775;NA;1;1;NA;NA
180;67.28528;28.18;NA;1;1;NA;NA
170;66.76667;28.15;NA;1;1;NA;NA
265;66.78306;28.26667;NA;1;1;NA;NA
260;66.81167;28.29556;NA;1;1;NA;NA
197;66.94528;28.97944;NA;1;1;NA;NA
220;67.46806;27.99556;NA;1;1;NA;NA
240;66.51667;29.03306;NA;1;1;NA;NA
222;67.215;29.24083;NA;1;1;NA;NA
261;67.36667;29.36667;NA;1;1;NA;NA
254;67.96806;23.68028;0.8;1;0;1.33;1.30501
178;67.53306;23.68306;NA;1;1;NA;NA
279;68.22944;24.84167;0.7;1;0;0.4;1.21653
207;67.86667;25.33306;NA;1;1;NA;NA
275;68.16917;25.78667;0.9;1;0;-1;NA
205;67.56056;25.69167;NA;1;1;NA;NA
262;68.36667;25.91667;2;1;0;2.43;2
240;67.82056;27.75028;NA;1;1;NA;NA
247;68.08389;27.18944;0.7;1;0;-1;NA
302;68.41417;27.4175;1.5;1;0;2.82;2
209;67.65556;28.71306;NA;1;1;NA;NA
185;68.47167;28.32417;1.3;1;0;0;0.5
230;67.96667;29;NA;1;1;NA;NA
370;67.7475;29.615;NA;1;1;NA;NA
415;68.75;21.41667;1.7;1;0;0;0.5
480;69.04833;20.79556;1.1;1;0;0.62;2
465;68.96667;22.13306;3.2;1;0;3.14;2
356;68.57083;23.33917;1.7;1;0;1.49;1.9383
122;69.58306;25.96667;0;1;0;3.3;2
203;68.90917;25.66639;0.9;1;0;0.16;0.88941
148;68.93306;26.81667;0;1;12;NA;NA
145;68.86667;26.83306;0.7;1;0;0.85;1.71013
147;68.60694;27.41806;0.9;1;0;3.46;2
152;69.06694;27.12278;1.2;1;0;0.07;0.65658
107;69.75556;27.01194;0.3;1;0;1.17;1.18859
22;70.08139;27.90056;0.4;1;0;0.76;0.73807
123;68.66944;27.57083;0;1;12;NA;NA
120;69.18306;27.91667;0.4;1;0;0.87;2
110;69.66306;27.07806;1.1;1;0;1.25;1.70547
120;68.84833;28.30306;1.2;1;0;0.22;0.5
85;69.66917;29.09667;0;1;0;0.28;1.95227
8;69.93;31.98;NA;1;1;NA;NA
32;69.2;33.47972;NA;1;1;NA;NA
33;69.2;35.1;NA;1;1;NA;NA
99;69;28.8;0.4;1;0;0.6;1.8638
246;67.56972;30.45;NA;1;1;NA;NA
39;66.67;34.33;NA;1;1;NA;NA
118;65.2;31.17;NA;1;1;NA;NA
9;65.9;34.81639;NA;1;1;NA;NA
130;63.27;33.42;NA;1;1;NA;NA
14;60.72;28.8;NA;1;1;NA;NA
6;60.08;26.97;NA;1;1;NA;NA
90;59.4;30.1;NA;1;1;NA;NA
40;58.7;27.8;NA;1;1;NA;NA
4;54.65;19.9;NA;1;1;NA;NA
535;66.10417;14.85028;0;1;0;0.02;0.54016
100;58.94583;11.44139;0;1;12;NA;NA
26;61.26917;17.09806;NA;1;1;NA;NA
145;58.97639;11.695;1.4;1;0;0.02;0.5
18;56.76667;8.31667;NA;1;1;NA;NA
4;58.86417;23.04333;NA;1;1;NA;NA
73;59.32889;27.39806;NA;1;1;NA;NA
70;58.74944;26.415;NA;1;1;NA;NA
3;58.99306;24.82167;NA;1;1;NA;NA
1;58.21806;22.50639;NA;1;1;NA;NA
3;59.52139;26.54139;NA;1;1;NA;NA
3;58.09833;23.97028;NA;1;1;NA;NA
53;58.97306;24.73389;NA;1;1;NA;NA
28;59.38917;28.11278;NA;1;1;NA;NA
24;58.95083;23.81556;NA;1;1;NA;NA
12;58.41944;24.46944;NA;1;1;NA;NA
23;59.38917;24.04;NA;1;1;NA;NA
2;57.78306;23.25889;NA;1;1;NA;NA
7;58.92056;22.06639;NA;1;1;NA;NA
33;59.39806;24.60278;NA;1;1;NA;NA
3;57.91333;22.05778;NA;1;1;NA;NA
32;58.86528;26.95194;NA;1;1;NA;NA
58;58.3;26.73306;NA;1;1;NA;NA
70;58.26389;26.46139;NA;1;1;NA;NA
89;58.87417;26.27194;NA;1;1;NA;NA
121;59.14139;26.23056;NA;1;1;NA;NA
60;58.80833;25.40917;NA;1;1;NA;NA
86;58.37778;25.60028;NA;1;1;NA;NA
65;57.79;26.03778;NA;1;1;NA;NA
2;58.57278;23.51333;NA;1;1;NA;NA
6;53.14194;13.03167;NA;1;1;NA;NA
2;53.28306;10.43306;NA;1;1;NA;NA
0;53.66694;14.18194;NA;1;1;NA;NA
0;54.56667;9.06667;NA;1;1;NA;NA
4;54.15;9.28306;NA;1;1;NA;NA
5;53.30917;11.31306;NA;1;1;NA;NA
4;52.94778;12.86167;NA;1;1;NA;NA
0;54.27556;12.75139;NA;1;1;NA;NA
6;53.14667;10.61917;NA;1;1;NA;NA
0;52.76417;14.16639;NA;1;1;NA;NA
0;53.71667;13.835;NA;1;1;NA;NA
3;53.8;9.9;NA;1;1;NA;NA
3;52.88;11.48389;NA;1;1;NA;NA
0;53.375;10.47917;NA;1;1;NA;NA
4;53.7275;10.25139;NA;1;1;NA;NA
4;53.59667;11.695;NA;1;1;NA;NA
2;54.08056;11.97917;NA;1;1;NA;NA
5;53.81444;11.88167;NA;1;1;NA;NA
7;54.42167;13.43806;NA;1;1;NA;NA
7;53.21556;12.58139;NA;1;1;NA;NA
1;54.05;9.35;NA;1;1;NA;NA
3;53.08306;10.56667;NA;1;1;NA;NA
3;53.11667;10.49028;NA;1;1;NA;NA
3;54.39389;13.60417;NA;1;1;NA;NA
2;54.17306;12.34139;NA;1;1;NA;NA
0;53.29;10.73167;NA;1;1;NA;NA
1;53.24;10.85167;NA;1;1;NA;NA
9;53.20194;12.33417;NA;1;1;NA;NA
6;53.09583;12.31333;NA;1;1;NA;NA
6;53.40528;12.78556;NA;1;1;NA;NA
1;53.98528;11.99806;NA;1;1;NA;NA
6;53.75;11.98056;NA;1;1;NA;NA
3;54.17056;10.04306;NA;1;1;NA;NA
4;54.06667;10.23306;NA;1;1;NA;NA
4;53.83056;10.18028;NA;1;1;NA;NA
4;54.08889;10.48417;NA;1;1;NA;NA
1;53.93583;9.95306;NA;1;1;NA;NA
2;54.63306;9.73306;NA;1;1;NA;NA
4;52.88278;12.17528;NA;1;1;NA;NA
5;53.13583;13.23917;NA;1;1;NA;NA
2;54.615;8.98806;NA;1;1;NA;NA
2;53.00167;11.79556;NA;1;1;NA;NA
3;53.6;10.63306;NA;1;1;NA;NA
3;54.43306;9.63306;NA;1;1;NA;NA
3;52.83667;11.62667;NA;1;1;NA;NA
1;53.99639;9.81917;NA;1;1;NA;NA
2;53.7425;11.70917;NA;1;1;NA;NA
0;53.91917;9.14167;NA;1;1;NA;NA
0;54.13306;8.86667;NA;1;1;NA;NA
0;54.63278;8.93667;NA;1;1;NA;NA
1;53.85;12.01667;NA;1;1;NA;NA
1;53.76667;9.73306;NA;1;1;NA;NA
0;54;9.26667;NA;1;1;NA;NA
1;54.45;11.2;NA;1;1;NA;NA
2;53.7575;10.92833;NA;1;1;NA;NA
7;53.35917;13.24417;NA;1;1;NA;NA
7;53.34417;13.20306;NA;1;1;NA;NA
2;53.21667;14.21667;NA;1;1;NA;NA
3;52.95556;10.99;NA;1;1;NA;NA
8;53.52306;13.42917;NA;1;1;NA;NA
1;53.01417;14.21944;NA;1;1;NA;NA
4;53.57306;11.64556;NA;1;1;NA;NA
4;53.6375;11.92278;NA;1;1;NA;NA
0;54.72889;8.70667;NA;1;1;NA;NA
1;53.9;12.85;NA;1;1;NA;NA
2;53.91639;12.97667;NA;1;1;NA;NA
3;53.38278;10.89056;NA;1;1;NA;NA
5;53.55333;12.0675;NA;1;1;NA;NA
1;54.11333;11.91278;NA;1;1;NA;NA
2;54.79444;9.64278;NA;1;1;NA;NA
5;53.4725;11.77278;NA;1;1;NA;NA
7;53.28556;11.865;NA;1;1;NA;NA
0;53.71167;9.37889;NA;1;1;NA;NA
0;54.48417;9.84278;NA;1;1;NA;NA
3;54.46667;10.05;NA;1;1;NA;NA
0;54.13917;12.03194;NA;1;1;NA;NA
4;52.80528;12.78389;NA;1;1;NA;NA
2;53.94;12.78167;NA;1;1;NA;NA
5;53.41806;9.99139;NA;1;1;NA;NA
4;53.16667;13.81667;NA;1;1;NA;NA
0;54.33306;9.5;NA;1;1;NA;NA
1;54.18667;12.88;NA;1;1;NA;NA
0;53.81667;9.26667;NA;1;1;NA;NA
4;52.77917;14.03333;NA;1;1;NA;NA
0;53.97056;8.91639;NA;1;1;NA;NA
5;53.53889;11.76056;NA;1;1;NA;NA
0;54.38306;9.1;NA;1;1;NA;NA
7;53.02333;13.70833;NA;1;1;NA;NA
5;53.19806;13.15139;NA;1;1;NA;NA
5;53.68639;11.06056;NA;1;1;NA;NA
7;53.10667;12.61944;NA;1;1;NA;NA
0;54.29667;13.68944;NA;1;1;NA;NA
7;53.39917;12.28056;NA;1;1;NA;NA
0;54.32806;8.79028;NA;1;1;NA;NA
1;54.32;13.35556;NA;1;1;NA;NA
0;53.43528;10.33417;NA;1;1;NA;NA
10;53.23806;12.18667;NA;1;1;NA;NA
0;54.4575;13.255;NA;1;1;NA;NA
0;54.86639;9.5975;NA;1;1;NA;NA
4;53.80806;12.96778;NA;1;1;NA;NA
2;54.13528;9.82444;NA;1;1;NA;NA
11;53.42056;13.56444;NA;1;1;NA;NA
3;53.40556;13.90806;NA;1;1;NA;NA
1;53.99;13.24667;NA;1;1;NA;NA
2;52.95806;11.54667;NA;1;1;NA;NA
2;53.04556;11.36056;NA;1;1;NA;NA
0;54.2475;12.2375;NA;1;1;NA;NA
2;53.265;11.50417;NA;1;1;NA;NA
7;53.56944;12.60139;NA;1;1;NA;NA
3;53.41556;14.33167;NA;1;1;NA;NA
6;53.21444;14.01056;NA;1;1;NA;NA
5;53.00556;13.165;NA;1;1;NA;NA
6;53.50306;11.93806;NA;1;1;NA;NA
4;53.08306;13.96667;NA;1;1;NA;NA
5;53.46444;10.83667;NA;1;1;NA;NA
2;53.83083;11.17083;NA;1;1;NA;NA
1;54.08667;13.21056;NA;1;1;NA;NA
1;54.14083;13.00556;NA;1;1;NA;NA
1;54.15;10.95;NA;1;1;NA;NA
7;53.65;11.25;NA;1;1;NA;NA
5;52.99417;13.52417;NA;1;1;NA;NA
5;53.8475;11.3275;NA;1;1;NA;NA
4;53.81167;11.31417;NA;1;1;NA;NA
5;53.59278;11.82917;NA;1;1;NA;NA
5;52.90917;13.53667;NA;1;1;NA;NA
1;54.40306;9.76528;NA;1;1;NA;NA
1;53.66806;12.52;NA;1;1;NA;NA
0;54.3725;11.08278;NA;1;1;NA;NA
0;54.2275;11.03306;NA;1;1;NA;NA
3;52.68306;12.96667;NA;1;1;NA;NA
6;53.20167;11.96806;NA;1;1;NA;NA
1;53.81167;12.11389;NA;1;1;NA;NA
1;53.77694;12.245;NA;1;1;NA;NA
1;53.94306;13.40333;NA;1;1;NA;NA
3;53.43333;11.17667;NA;1;1;NA;NA
3;52.78639;12.85389;NA;1;1;NA;NA
0;53.58944;10.02944;NA;1;1;NA;NA
4;53.57667;9.90278;NA;1;1;NA;NA
2;53.63306;10.05;NA;1;1;NA;NA
3;53.66667;10.08306;NA;1;1;NA;NA
2;53.71667;10.15;NA;1;1;NA;NA
1;54.23306;9.51667;NA;1;1;NA;NA
4;54.12417;9.40667;NA;1;1;NA;NA
8;53.09056;10.40056;NA;1;1;NA;NA
9;53.26;13.54806;NA;1;1;NA;NA
3;53.9;10.06667;NA;1;1;NA;NA
10;52.70667;14.02917;NA;1;1;NA;NA
1;54.29083;9.15806;NA;1;1;NA;NA
4;53.78917;10.01167;NA;1;1;NA;NA
1;53.95444;14.16667;NA;1;1;NA;NA
6;53.07139;12.47444;NA;1;1;NA;NA
2;53.15056;11.04056;NA;1;1;NA;NA
1;54.76667;8.28306;NA;1;1;NA;NA
5;52.67806;13.28917;NA;1;1;NA;NA
4;53.77806;11.55917;NA;1;1;NA;NA
7;53.0975;10.78417;NA;1;1;NA;NA
7;54.08306;9.66667;NA;1;1;NA;NA
2;53.45056;13.13556;NA;1;1;NA;NA
5;53.55556;11.36167;NA;1;1;NA;NA
2;54.55917;9.89778;NA;1;1;NA;NA
0;53.39444;10.16833;NA;1;1;NA;NA
6;53.04167;12.08528;NA;1;1;NA;NA
0;53.78917;9.62056;NA;1;1;NA;NA
0;53.93306;9.5;NA;1;1;NA;NA
4;53.4275;13.81667;NA;1;1;NA;NA
10;54.10139;11.76556;NA;1;1;NA;NA
3;53.305;10.01194;NA;1;1;NA;NA
1;54.27056;9.67139;NA;1;1;NA;NA
4;53.87778;12.61583;NA;1;1;NA;NA
2;54.65278;9.13806;NA;1;1;NA;NA
0;53.50806;9.7375;NA;1;1;NA;NA
1;53.21583;11.07167;NA;1;1;NA;NA
1;53.99;11.00806;NA;1;1;NA;NA
3;52.74667;12.10528;NA;1;1;NA;NA
1;54.66667;9.93306;NA;1;1;NA;NA
0;54.67306;10.03333;NA;1;1;NA;NA
3;54.01167;13.49944;NA;1;1;NA;NA
7;53.54306;12.27278;NA;1;1;NA;NA
3;53.17194;11.74889;NA;1;1;NA;NA
5;52.9875;12.65806;NA;1;1;NA;NA
6;53.27278;12.595;NA;1;1;NA;NA
4;53.66056;10.90778;NA;1;1;NA;NA
0;54.86167;8.67417;NA;1;1;NA;NA
1;54.40056;9.45306;NA;1;1;NA;NA
0;53.72417;9.64556;NA;1;1;NA;NA
5;53.52806;12.8575;NA;1;1;NA;NA
7;52.96278;13.93306;NA;1;1;NA;NA
3;54.53278;9.98528;NA;1;1;NA;NA
3;52.73889;12.49806;NA;1;1;NA;NA
6;53.46306;12.60667;NA;1;1;NA;NA
1;53.67083;13.67583;NA;1;1;NA;NA
4;53.41139;11.00306;NA;1;1;NA;NA
5;52.78639;13.47833;NA;1;1;NA;NA
3;52.72;12.73389;NA;1;1;NA;NA
2;52.82056;11.89306;NA;1;1;NA;NA
2;54.04917;14.00917;NA;1;1;NA;NA
6;53.64694;12.25889;NA;1;1;NA;NA
7;53.44556;12.93667;NA;1;1;NA;NA
7;53.41306;12.90278;NA;1;1;NA;NA
4;52.7275;13.01167;NA;1;1;NA;NA
0;54.32333;9.02417;NA;1;1;NA;NA
5;54.08028;11.7425;NA;1;1;NA;NA
0;54.07056;9.17806;NA;1;1;NA;NA
1;53.88167;13.40556;NA;1;1;NA;NA
7;54.11667;11.76667;NA;1;1;NA;NA
0;54.15028;11.76306;NA;1;1;NA;NA
6;53.14806;12.085;NA;1;1;NA;NA
2;53.88806;12.33167;NA;1;1;NA;NA
3;53.75944;12.38333;NA;1;1;NA;NA
4;53.07806;14.13667;NA;1;1;NA;NA
0;54.46333;11.14194;NA;1;1;NA;NA
0;54.63306;8.63306;NA;1;1;NA;NA
2;53.5;10.74139;NA;1;1;NA;NA
4;54;10.06667;NA;1;1;NA;NA
3;53.37889;10.54167;NA;1;1;NA;NA
6;53.66167;11.495;NA;1;1;NA;NA
1;52.89556;11.26556;NA;1;1;NA;NA
2;52.87778;11.85694;NA;1;1;NA;NA
4;52.87167;13.3925;NA;1;1;NA;NA
1;54.4;9.93306;NA;1;1;NA;NA
4;52.96417;12.98417;NA;1;1;NA;NA
5;52.895;13.15639;NA;1;1;NA;NA
5;54.57917;13.61417;NA;1;1;NA;NA
9;54.56889;13.60278;NA;1;1;NA;NA
5;53.685;12.09306;NA;1;1;NA;NA
3;53.34444;11.48667;NA;1;1;NA;NA
2;53.88;10.65306;NA;1;1;NA;NA
3;53.41806;11.45083;NA;1;1;NA;NA
5;53.72667;11.40917;NA;1;1;NA;NA
1;53.29389;11.09417;NA;1;1;NA;NA
5;53.48306;12.03667;NA;1;1;NA;NA
3;53.45417;10.54417;NA;1;1;NA;NA
2;54.28306;10.58306;NA;1;1;NA;NA
2;52.92083;14.10917;NA;1;1;NA;NA
2;53.73139;12.76278;NA;1;1;NA;NA
7;53.48056;12.4275;NA;1;1;NA;NA
3;53.21389;11.36806;NA;1;1;NA;NA
2;53.11167;11.65528;NA;1;1;NA;NA
4;54.14806;12.57139;NA;1;1;NA;NA
0;53.41667;10.35139;NA;1;1;NA;NA
2;53.28306;10.31667;NA;1;1;NA;NA
2;54.83694;9.14806;NA;1;1;NA;NA
0;54.1;9.06667;NA;1;1;NA;NA
0;53.94917;13.97417;NA;1;1;NA;NA
9;53.30806;12.29333;NA;1;1;NA;NA
2;54.20194;13.20917;NA;1;1;NA;NA
6;53.26806;12.72167;NA;1;1;NA;NA
4;53.87417;12.18639;NA;1;1;NA;NA
7;53.18417;13.65417;NA;1;1;NA;NA
11;54.21667;10.73306;NA;1;1;NA;NA
3;53.40694;9.69694;NA;1;1;NA;NA
1;54.88306;8.43306;NA;1;1;NA;NA
5;53.76667;11.25;NA;1;1;NA;NA
0;53.96667;9.66667;NA;1;1;NA;NA
4;53.6;10.48306;NA;1;1;NA;NA
8;53.37528;9.89694;NA;1;1;NA;NA
4;53.90417;11.88583;NA;1;1;NA;NA
8;53.55194;12.16306;NA;1;1;NA;NA
8;53.05278;12.75583;NA;1;1;NA;NA
1;53.56778;13.27639;NA;1;1;NA;NA
2;54.03056;11.66556;NA;1;1;NA;NA
3;53.94278;11.60889;NA;1;1;NA;NA
1;53.28444;10.93306;NA;1;1;NA;NA
0;53.82556;12.79056;NA;1;1;NA;NA
3;53.86778;11.68806;NA;1;1;NA;NA
3;53.3675;11.60556;NA;1;1;NA;NA
3;53.45667;11.56833;NA;1;1;NA;NA
3;52.85667;12.43639;NA;1;1;NA;NA
3;52.86778;12.45917;NA;1;1;NA;NA
0;54.78306;8.83306;NA;1;1;NA;NA
2;54.30917;12.92417;NA;1;1;NA;NA
0;54.67917;8.33306;NA;1;1;NA;NA
0;54.49139;8.86278;NA;1;1;NA;NA
0;54.5525;8.80056;NA;1;1;NA;NA
1;54.78306;9.78306;NA;1;1;NA;NA
7;53.53694;12.42556;NA;1;1;NA;NA
3;54.6125;9.76139;NA;1;1;NA;NA
3;53.65694;10.58333;NA;1;1;NA;NA
0;53.74917;9.14639;NA;1;1;NA;NA
3;52.87417;14.04667;NA;1;1;NA;NA
4;54.68;9.83083;NA;1;1;NA;NA
2;53.85889;12.06278;NA;1;1;NA;NA
2;54.7;9.43306;NA;1;1;NA;NA
3;54.06667;9.51667;NA;1;1;NA;NA
0;54.295;10.89667;NA;1;1;NA;NA
1;53.80694;10.39306;NA;1;1;NA;NA
3;52.75;13.2;NA;1;1;NA;NA
3;52.76417;13.27167;NA;1;1;NA;NA
2;54.42556;10.02306;NA;1;1;NA;NA
4;53.43167;11.82917;NA;1;1;NA;NA
9;53.35;13.56694;NA;1;1;NA;NA
1;53.50694;13.99167;NA;1;1;NA;NA
8;53.94639;11.75639;NA;1;1;NA;NA
1;53.14167;14.1075;NA;1;1;NA;NA
0;54.51667;8.60917;NA;1;1;NA;NA
0;54.08306;10.86667;NA;1;1;NA;NA
3;53.29556;14.23417;NA;1;1;NA;NA
5;53.46778;13.06778;NA;1;1;NA;NA
4;53.095;11.86028;NA;1;1;NA;NA
6;53.59528;11.17167;NA;1;1;NA;NA
4;54.05167;12.26778;NA;1;1;NA;NA
4;53.35028;11.34556;NA;1;1;NA;NA
0;53.66417;9.78167;NA;1;1;NA;NA
3;53.21194;11.59833;NA;1;1;NA;NA
5;53.84167;12.34889;NA;1;1;NA;NA
6;53.45806;12.24167;NA;1;1;NA;NA
2;54.16028;10.43417;NA;1;1;NA;NA
0;54.10306;13.15306;NA;1;1;NA;NA
1;54.76667;9.95;NA;1;1;NA;NA
6;53.20306;13.80667;NA;1;1;NA;NA
3;54.23306;10.26667;NA;1;1;NA;NA
5;53.28444;13.92556;NA;1;1;NA;NA
0;54.44806;12.55667;NA;1;1;NA;NA
8;53.17278;12.15667;NA;1;1;NA;NA
5;53.245;12.04333;NA;1;1;NA;NA
7;53.8275;11.82417;NA;1;1;NA;NA
1;53.30306;10.27194;NA;1;1;NA;NA
4;53.93694;11.06278;NA;1;1;NA;NA
0;54.86667;8.3;NA;1;1;NA;NA
1;53.74056;13.79056;NA;1;1;NA;NA
1;53.69639;10.755;NA;1;1;NA;NA
1;53.34667;11.19917;NA;1;1;NA;NA
10;53.44389;13.46278;NA;1;1;NA;NA
2;53.785;11.045;NA;1;1;NA;NA
3;53.51667;10.23306;NA;1;1;NA;NA
5;53.24;10.58556;NA;1;1;NA;NA
1;54.10583;11.62056;NA;1;1;NA;NA
4;53.72889;11.50167;NA;1;1;NA;NA
5;53.11056;12.895;NA;1;1;NA;NA
2;52.7475;12.33167;NA;1;1;NA;NA
1;54.2375;12.43278;NA;1;1;NA;NA
7;53.37028;12.61694;NA;1;1;NA;NA
5;53.60944;11.02333;NA;1;1;NA;NA
6;53.6925;11.00806;NA;1;1;NA;NA
5;53.66056;13.41167;NA;1;1;NA;NA
12;53.4;9.85;NA;1;1;NA;NA
7;53.62556;13.035;NA;1;1;NA;NA
2;54.0825;12.12278;NA;1;1;NA;NA
2;53.59528;13.81167;NA;1;1;NA;NA
1;53.51667;14.20417;NA;1;1;NA;NA
6;52.72556;13.63917;NA;1;1;NA;NA
3;53.80444;11.20667;NA;1;1;NA;NA
7;53.24639;13.305;NA;1;1;NA;NA
0;54.51556;13.53083;NA;1;1;NA;NA
4;53.2225;10.175;NA;1;1;NA;NA
1;54.35556;13.29056;NA;1;1;NA;NA
9;54.51917;13.6175;NA;1;1;NA;NA
3;54.68528;9.62556;NA;1;1;NA;NA
0;54.52556;13.22444;NA;1;1;NA;NA
0;52.81056;14.06417;NA;1;1;NA;NA
3;53.72667;10.82417;NA;1;1;NA;NA
2;54.22056;12.68306;NA;1;1;NA;NA
1;53.01667;11.53306;NA;1;1;NA;NA
5;53.57806;13.57194;NA;1;1;NA;NA
1;53.84417;10.93167;NA;1;1;NA;NA
0;54.39806;10.36944;NA;1;1;NA;NA
7;53.06167;12.23667;NA;1;1;NA;NA
6;53.33083;13.73167;NA;1;1;NA;NA
6;52.67306;13.53556;NA;1;1;NA;NA
4;52.97333;12.11139;NA;1;1;NA;NA
1;53.94306;12.12167;NA;1;1;NA;NA
4;53.50306;10.48667;NA;1;1;NA;NA
3;52.74667;11.97917;NA;1;1;NA;NA
0;53.06917;14.32306;NA;1;1;NA;NA
4;53.61056;11.38528;NA;1;1;NA;NA
3;53.6;11.48306;NA;1;1;NA;NA
5;53.645;12.68167;NA;1;1;NA;NA
4;53.16806;10.70778;NA;1;1;NA;NA
3;54.02944;10.47528;NA;1;1;NA;NA
4;54.34417;10.45806;NA;1;1;NA;NA
6;53.4325;12.57917;NA;1;1;NA;NA
5;53.36333;12.02417;NA;1;1;NA;NA
4;53.91;10.43056;NA;1;1;NA;NA
1;53.58806;9.48167;NA;1;1;NA;NA
0;53.62917;9.52528;NA;1;1;NA;NA
5;53.70056;12.89278;NA;1;1;NA;NA
2;54.22667;12.98917;NA;1;1;NA;NA
5;53.72194;10.48917;NA;1;1;NA;NA
2;53.70833;11.82944;NA;1;1;NA;NA
4;54.73306;9.73306;NA;1;1;NA;NA
5;54.59806;9.54389;NA;1;1;NA;NA
7;53.35806;11.73806;NA;1;1;NA;NA
1;54.29639;13.06139;NA;1;1;NA;NA
0;54.455;10.19694;NA;1;1;NA;NA
6;53.51667;13.73778;NA;1;1;NA;NA
2;52.88806;12.27639;NA;1;1;NA;NA
0;54.21;8.91889;NA;1;1;NA;NA
1;54.35;9.22667;NA;1;1;NA;NA
0;54.09806;12.67389;NA;1;1;NA;NA
4;53.225;14.33;NA;1;1;NA;NA
2;54.33306;10.9;NA;1;1;NA;NA
1;54.21667;9.28306;NA;1;1;NA;NA
6;53.12917;13.50167;NA;1;1;NA;NA
1;54.02694;12.46667;NA;1;1;NA;NA
5;53.00028;10.78778;NA;1;1;NA;NA
9;52.68056;13.83306;NA;1;1;NA;NA
2;54;10.76667;NA;1;1;NA;NA
2;54.16917;9.55556;NA;1;1;NA;NA
5;53.68917;10.36556;NA;1;1;NA;NA
3;54.58306;9.63306;NA;1;1;NA;NA
1;53.6375;14.01444;NA;1;1;NA;NA
0;54.51028;9.32417;NA;1;1;NA;NA
2;53.60667;10.41806;NA;1;1;NA;NA
6;52.75778;13.78444;NA;1;1;NA;NA
0;54.41556;8.92167;NA;1;1;NA;NA
0;54.43444;13.17806;NA;1;1;NA;NA
0;53.87694;13.92917;NA;1;1;NA;NA
0;54.7;8.39944;NA;1;1;NA;NA
0;53.97833;9.31917;NA;1;1;NA;NA
5;53.56667;12.87167;NA;1;1;NA;NA
3;52.69417;13.16806;NA;1;1;NA;NA
0;53.10389;14.31778;NA;1;1;NA;NA
2;54.56806;9.18556;NA;1;1;NA;NA
0;54.57528;13.10278;NA;1;1;NA;NA
0;53.89444;12.05278;NA;1;1;NA;NA
5;52.99167;10.96806;NA;1;1;NA;NA
5;53.24;11.87083;NA;1;1;NA;NA
3;53.97;12.53833;NA;1;1;NA;NA
7;53.45083;12.735;NA;1;1;NA;NA
3;53.80333;11.69639;NA;1;1;NA;NA
1;53.58306;9.71667;NA;1;1;NA;NA
3;53.66778;11.65667;NA;1;1;NA;NA
2;52.85917;11.97806;NA;1;1;NA;NA
4;53.74417;13.3475;NA;1;1;NA;NA
0;53.89167;12.09306;NA;1;1;NA;NA
7;53.29417;12.96889;NA;1;1;NA;NA
1;54.26667;9.88306;NA;1;1;NA;NA
0;54.38056;8.68167;NA;1;1;NA;NA
1;54.8575;8.98556;NA;1;1;NA;NA
4;52.87694;12.62667;NA;1;1;NA;NA
1;53.63306;13.85444;NA;1;1;NA;NA
2;52.95306;11.94778;NA;1;1;NA;NA
0;53.92667;9.36806;NA;1;1;NA;NA
0;53.34667;10.205;NA;1;1;NA;NA
4;53.50389;11.08028;NA;1;1;NA;NA
1;54.38556;9.29417;NA;1;1;NA;NA
2;54.0475;13.7675;NA;1;1;NA;NA
7;53.24556;12.41556;NA;1;1;NA;NA
2;53.30139;10.14333;NA;1;1;NA;NA
2;54.11528;13.61306;NA;1;1;NA;NA
0;52.76028;14.21694;NA;1;1;NA;NA
0;54.345;12.39806;NA;1;1;NA;NA
4;54.05778;12.49556;NA;1;1;NA;NA
4;53.55028;10.91306;NA;1;1;NA;NA
6;53.1575;12.86917;NA;1;1;NA;NA
1;53.97556;13.75194;NA;1;1;NA;NA
9;53.11667;10.88306;NA;1;1;NA;NA
0;54.43167;12.68333;NA;1;1;NA;NA
0;54.25889;13.35389;NA;1;1;NA;NA
1;53.13917;11.11639;NA;1;1;NA;NA
2;53.65556;13.53667;NA;1;1;NA;NA
3;53.35306;14.14917;NA;1;1;NA;NA
12;53.38056;13.49444;NA;1;1;NA;NA
4;53.35667;13.98056;NA;1;1;NA;NA
1;54.73306;9.16417;NA;1;1;NA;NA
10;54.22;10.7775;NA;1;1;NA;NA
6;53.3325;12.72;NA;1;1;NA;NA
3;68.81667;14.8;0;1;0;0;0.5
151;58.21528;7.89056;3.6;1;0;0.18;0.90803
377;69.58806;23.53167;0;1;0;1.08;1.60768
167;60.56833;9.12167;0.1;1;12;NA;NA
168;59.66306;9.65;0.3;1;0;0.21;0.52154
7;58.88417;5.63667;8;1;0;1.11;2
202;60.20639;11.08028;0;1;12;NA;NA
382;68.75528;23.53833;0.4;1;0;1.49;1.89639
48;60.28917;5.22639;8;1;0;0.83;1.4773
114;59.14778;11.55944;0.7;1;0;0;0.5
144;59.63556;11.04778;0;1;0;3.8;2
113;59.30056;11.66056;1.6;1;0;5.81;2
31;59.43389;10.66667;0;1;12;NA;NA
360;60.05083;10.68639;0.5;1;0;2.61;2
319;60.03694;10.59778;0.2;1;0;0.04;0.85914
118;59.87278;10.7925;0.3;1;12;2.34;2
749;61.89028;10.14167;0;1;0;0;0.5
672;61.88694;12.04806;0;1;0;0.08;0.9383
218;60.75083;11.20639;0;1;0;0;0.5
205;60.79139;10.95889;0;1;0;5.63;2
754;61.24306;8.85556;0.7;1;0;0.15;0.99185
639;60.91806;9.29028;0;1;0;0;0.5
701;61.72056;8.24417;1.2;1;0;4.93;2
156;60.80056;10.11694;0;1;0;0.15;0.52852
432;61.90167;8.17194;0;1;0;1.13;1.94296
77;60.13917;10.17667;0.6;1;12;NA;NA
841;60.53167;8.14806;3;1;0;3.28;1.8312
367;60.13778;9.59667;0;1;0;0.01;0.5
402;60.01194;9.51;0;1;0;0.01;0.5
140;60.23806;9.92583;0;1;0;0.04;0.67986
870;60.46333;8.7525;0;1;0;0.23;0.94761
28;59.05306;10.02694;0.3;1;0;1.34;1.34692
532;59.32389;8.15194;0.5;1;0;0.11;0.80792
113;59.14417;9.26694;0.8;1;0;0.68;0.95693
287;59.00917;8.27333;0.2;1;0;0.78;1.85914
354;59.455;9.03694;1.5;1;0;1.97;2
954;60.01806;7.91444;0.2;1;0;0.14;0.85448
75;58.41167;6.65806;13.3;1;0;4.28;2
38;58.22194;7.33694;10.6;1;0;0.07;0.8475
5;58.28417;6.64944;32.3;1;0;7.46;2
4;58.45278;6.00306;9;1;0;0.46;1.64028
19;58.69444;5.64167;8;1;0;0.49;1.77998
24;58.65917;5.55528;5.4;1;0;0.84;2
333;59.58833;6.80889;21.2;1;0;0.34;1.11409
230;58.81833;5.92028;24.7;1;0;4.22;2
35;59.66444;5.96556;10.5;1;0;0.05;0.9546
54;60.27306;5.33139;10;1;0;0.66;0.96158
45;60.04194;5.90556;9.5;1;0;0.39;0.89406
316;60.68833;5.96444;26.5;1;0;0.41;1.14203
25;59.90806;5.06806;4.8;1;0;0.02;0.76601
24;61.83167;5.66833;13.7;1;0;0.28;1.01164
15;60.90306;7.20167;3.7;1;0;0.17;0.5
246;61.2925;7.18833;5;1;0;0.6;1.24447
806;61.10917;8.03583;2.1;1;0;0.63;0.65425
350;61.21639;5.75139;18.9;1;0;1.26;1.06286
421;61.33444;6.93333;9.1;1;0;1.15;0.6007
65;61.07278;6.58139;1.8;1;0;12.29;2
20;62.56556;7.67694;10.8;1;0;0;0.5
49;62.89139;7.39056;10.7;1;0;3.87;2
80;62.90889;7.24528;14.5;1;0;2.22;2
228;63.03806;9.22056;6.4;1;0;3.05;1.86845
39;63.005;9.01139;11.4;1;0;3.21;2
247;62.34167;8.05167;3;1;0;0.17;0.6752
685;62.67389;11.45417;0;1;0;2.36;2
62;64.33167;11.54444;2.7;1;0;1.73;2
33;63.44028;11.25639;1.6;1;0;0.52;0.95227
44;64.83833;11.95667;1;1;0;2.65;2
86;64.25056;11.20028;3.2;1;0;1.78;2
33;64.79778;10.54917;NA;1;1;NA;NA
175;63.4875;11.35528;0;1;12;NA;NA
110;63.83917;12.02306;3.3;1;0;1.09;1.30966
18;68.91444;15.21056;0;1;0;0;0.5
142;67.13444;16.07083;30.2;1;0;3.67;2
439;65.83028;13.90667;0;1;0;2.29;2
230;68.64556;18.24556;0;1;0;0;0.5
228;68.77806;19.71;0;1;0;1.67;2
114;68.86056;18.3375;0;1;0;0;0.5
21;70.24556;19.50056;0;1;0;0;0.5
330;69.01667;23.03389;0.1;1;0;4.29;2
135;59.88944;11.58139;0.1;1;0;0.02;0.5
187;60.17417;11.05083;0;1;12;NA;NA
42;58.80333;9.09806;0.4;1;0;0.15;0.5
36;58.71806;9.21028;0.5;1;0;1.99;1.53318
44;58.46806;8.75917;1.1;1;0;0.13;0.81723
63;58.59667;8.71667;0.8;1;0;1.29;1.3702
142;58.65806;8.63139;0.1;1;0;2.19;2
6;58.34;8.5225;1.4;1;0;0;0.5
542;60.71917;8.9475;0;1;0;0;0.5
3;69.9775;23.35806;0;1;0;0;0.5
38;70.39917;23.62556;0;1;0;0;0.5
3;70.77306;25.61583;0.1;1;0;1.06;1.5518
44;69.70389;29.25194;0;1;0;0.15;1.63562
564;61.55806;12.49889;1.1;1;0;0.03;1.14668
481;61.68444;11.99639;0;1;0;1;1.94761
713;62.20389;11.4525;0;1;0;0.11;0.5
794;62.07556;12.17194;0.3;1;0;0.78;1.57974
230;60.91056;11.59306;0;1;0;0.06;0.5
161;60.95306;10.68083;0;1;0;0.02;0.68685
178;59.85917;6.27833;20.2;1;0;1.37;2
13;59.86417;5.76944;7.4;1;0;0.15;0.62864
108;60.37889;6.19278;13.3;1;0;3.2;1.54249
7;60.87389;5.59333;16.3;1;0;0.69;0.90338
614;60.90028;6.72417;11.6;1;0;0.75;0.91967
41;62.10306;5.58167;47.3;1;0;3.62;2
14;62.66333;8.10639;9.4;1;0;0.22;0.97788
20;62.805;7.70028;10.6;1;0;0;0.5
698;62.50917;8.97694;0.2;1;0;0.16;1.156
38;62.32917;5.26806;10.6;1;0;3.76;2
30;63.41944;8.06306;3.9;1;0;0.08;0.53085
21;62.20278;6.46556;27;1;0;0.02;0.61234
22;62.56167;6.115;16.4;1;0;0.81;1.74738
5;62.83444;8.52139;12.2;1;0;0.7;2
39;66.21694;13.39167;0;1;0;0;0.5
510;65.79639;14.48694;2.2;1;12;NA;NA
53;68.33028;16.78806;0;1;0;0;0.5
15;67.53833;14.84028;0;1;0;0;0.5
41;66.30667;14.15417;0;1;0;0.1;0.91735
11;66.97083;14.15417;0;1;0;0;0.5
3;67.36056;15.58917;0;1;0;0.9;1.3376
182;63.72;11.54333;0.1;1;0;6.13;2
138;63.68556;10.6075;1.6;1;0;0.24;0.87078
36;64.52278;11.28056;0;1;0;4.12;2
368;63.80056;12.38694;3.2;1;0;2.6;2
23;65.20194;10.99639;NA;1;1;NA;NA
930;61.65139;10.10833;0;1;0;0;0.5
551;62.10556;8.91917;0;1;0;2.09;2
406;60.59528;10.64028;0;1;0;3.95;2
935;61.89028;9.47167;0;1;0;0.01;0.5
521;61.12167;9.06306;0;1;0;4.78;2
94;59.94194;10.72;0;1;13;NA;NA
131;59.49639;11.01306;1;1;0;8.46;2
2;58.90556;5.96694;15.4;1;0;1.97;1.99884
44;58.82833;6.05528;19.1;1;0;0.01;0.5
25;59.47917;6.27583;32.3;1;0;5.73;2
72;59.64944;6.82028;17.9;1;0;0.06;0.5
64;59.48389;5.75056;14.4;1;0;0.36;1.0908
32;61.06889;6.93417;2.8;1;0;2.39;2
7;61.29278;5.04417;1.7;1;0;3.38;2
230;61.65917;5.94667;23.4;1;0;0.07;0.79162
51;61.78806;6.18333;1.3;1;0;3.45;2
28;61.31139;7.81806;3.9;1;0;0.14;0.50524
172;61.47806;7.03389;29;1;0;10.48;2
512;62.57389;9.64583;0;1;0;0.14;0.96624
13;63.32806;10.27333;0.2;1;0;3.02;2
18;64.40139;10.455;0;1;0;3.18;2
306;63.23028;9.34889;4.1;1;0;0.1;0.98021
730;62.89444;11.86333;6.3;1;0;6.72;2
5;63.84667;8.46667;0;1;0;-1;NA
977;59.83944;8.17917;1.9;1;0;0.32;1.00233
946;59.815;8.13639;3;1;0;0.71;1.05821
567;59.64778;8.37667;1.5;1;0;0.15;0.61001
8;69.67667;18.91306;0;1;0;0;0.5
504;58.78778;7.35;8.1;1;0;0.88;1.42142
55;58.66417;6.70889;18.2;1;0;0.15;0.5
26;59.23;10.34806;0.1;1;0;0.39;1.10012
88;59.18417;10.25528;0.2;1;0;0.2;0.5
143;59.9775;10.97778;0;1;0;4.04;2
21;59.62528;9.95306;0;1;0;0.6;1.15134
14;68.64806;15.28278;0;1;0;0;0.5
63;65.9925;13.38556;0;1;0;0;0.5
399;65.91028;14.27194;0.5;1;0;0.03;0.5
155;66.50667;14.9075;0;1;0;0.01;0.5
7;66.36806;12.64417;0;1;0;0;0.5
19;66.76056;12.4775;NA;1;1;NA;NA
249;68.37528;17.41333;0;1;0;0;0.5
31;67.88306;13.05;0;1;0;1.49;1.92433
10;68.3425;13.96444;0;1;0;0;0.5
157;58.993;11.5383;1.5;1;0;0.32;0.89872
8;59.1223;11.3865;0.4;1;0;0.44;1.31432
12;59.4385;10.5938;0.2;1;0;0.01;0.5
56;59.3153;11.0488;0.3;1;0;0.18;0.57043
31;59.3072;11.1338;0.4;1;0;0.08;0.7986
17;59.0367;11.0444;0.1;1;0;0.25;0.66356
123;59.4829;11.6506;0.4;1;0;0.79;1.25844
171;59.6635;11.312;0.2;1;0;1.28;1.43073
135;59.5;11.2833;0.1;1;0;2.43;1.84517
99;59.5416;11.2974;0.3;1;0;1.18;1.45402
182;59.5335;11.5216;0.8;1;0;0.25;1.57509
40;59.3742;10.798;0.2;1;0;0.63;0.53551
92;59.6605;10.7818;0.3;1;12;NA;NA
76;59.6675;10.6452;1.6;1;9;NA;NA
10;59.8927;10.6158;0.1;1;12;0.04;0.59837
59;59.9003;10.5012;0.3;1;12;NA;NA
67;59.9058;10.5122;0;1;12;NA;NA
277;59.9967;10.4601;0;1;0;2.05;2
117;59.9113;10.463;0;1;0;0.47;1.70081
112;59.8335;10.4358;0.1;1;12;NA;NA
373;59.8737;10.3854;0;1;0;0.01;0.70081
132;59.6744;11.5438;0.8;1;0;4.26;2
139;59.7139;11.4417;0.2;1;0;0.38;0.81956
132;60.0268;11.3277;0.1;1;0;0.09;0.62165
163;59.7628;11.1384;0;1;0;0.05;0.98487
200;60.1638;11.1127;0;1;12;NA;NA
198;60.25;11.1667;0.4;1;0;0.95;1.74272
162;60.1024;11.3849;0;1;12;NA;NA
191;60.1013;11.5795;0.2;1;0;0.21;0.77532
127;60.2143;11.3582;0.1;1;0;0;0.5
178;60.2812;11.2075;0.3;1;0;0.12;0.74505
181;60.2987;11.16;0.1;1;0;3.04;2
480;60.3787;10.9136;0.3;1;0;0.22;1.08615
394;60.4937;10.9822;0.2;1;0;0.02;0.53783
165;59.8667;10.8667;0.3;1;12;NA;NA
93;59.9123;10.8137;0.2;1;12;0.33;1.30035
173;59.9719;10.7894;0.1;1;0;0.51;0.65192
389;60.1058;10.6673;1.9;1;9;NA;NA
53;59.9342;10.6725;0.1;1;12;0.17;0.7404
528;59.9886;10.6678;0.3;1;0;0.46;1.83586
175;60.2198;12.028;1.1;1;0;6.07;2
132;60.8103;11.0213;0.2;1;12;1.8;2
128;60.7733;10.8055;0.1;1;12;NA;NA
931;61.1647;10.7097;0;1;0;0;0.5
324;60.7728;11.4817;0;1;0;0.09;0.5
153;60.7269;11.1062;0.3;1;0;1.28;2
147;60.3883;11.558;0;1;0;0.85;1.51455
153;59.9865;12.1397;0.1;1;0;0.6;0.5
154;59.9672;12.2107;0;1;0;1.52;2
293;60.3925;12.356;0;1;0;3.84;2
184;60.6173;12.017;0;1;0;0;0.5
295;60.6914;12.4003;0.2;1;0;0;0.5
347;60.8174;12.0895;0;1;0;1.62;1.84051
513;61.047;11.8898;0;1;0;0.03;0.55879
333;61.1349;12.5039;0.2;1;0;0.01;0.5
557;61.4159;12.0661;0;1;0;2.86;2
240;61.1603;11.4427;0;1;0;0;0.5
248;61.2;11.5;0;1;0;0;0.5
450;61.2497;11.7443;0;1;0;0.02;0.62631
256;61.3901;11.3709;0;1;0;0.03;0.5
255;61.4053;11.143;0;1;0;0.03;0.5
535;61.791;10.5008;0;1;0;0;0.5
739;61.887;10.1535;0;1;0;0;0.5
530;61.4967;11.6795;0;1;0;0.32;0.94063
260;61.696;11.2042;0;1;0;0.01;0.5
276;61.9313;11.0598;0.1;1;12;NA;NA
513;62.1047;11.0503;0;1;0;0;0.5
696;61.8442;11.8502;0;1;0;0.39;0.93597
700;62.4342;10.428;0;1;0;4.95;2
483;62.3021;10.8487;0;1;0;0.02;0.64959
543;62.615;10.2428;0.6;1;0;0.39;2
549;62.5962;10.271;0.7;1;0;1.22;2
731;61.9723;10.0268;0;1;0;0;0.5
709;62.1264;10.0467;0;1;0;0.02;0.50058
670;62.2477;11.7617;0.1;1;0;0.35;1.18393
788;62.5171;11.0183;0;1;0;0.09;0.76368
271;61.0808;10.4756;0;1;0;0;0.5
154;60.7982;10.6858;0.1;1;12;NA;NA
190;60.9518;10.5954;0;1;0;0.01;0.54249
973;62.1133;9.2862;0;1;0;0.13;0.70547
626;62.0938;9.0436;0.1;1;12;NA;NA
621;62.168;8.6452;1.7;1;0;2.32;2
621;62.2317;8.3733;1.9;1;0;0;0.5
374;61.8777;8.4672;0;1;0;0.12;1.23516
378;61.8745;8.4407;0;1;0;0.3;1.60303
712;61.9067;7.86;0.1;1;0;3.82;2
382;61.8373;8.57;0;1;0;0.89;2
1413;61.5648;7.9957;3.8;1;0;0.01;0.5
823;61.9225;9.0084;0.4;1;12;NA;NA
371;61.8732;9.0908;0;1;0;0.25;0.71944
746;61.8213;8.9595;0.1;1;0;0.66;1.4447
808;61.8123;9.0152;0.1;1;0;0.43;1.28172
630;61.5145;9.4043;0.1;1;12;NA;NA
890;61.5152;9.3823;0;1;0;0.54;1.47264
285;61.7278;9.5443;0;1;0;0.08;0.5
656;61.824;9.3837;0;1;0;0.1;0.5
752;61.4177;9.5408;0;1;0;0.11;0.82654
641;61.6003;10.6127;0.1;1;12;NA;NA
770;61.4628;10.3097;0;1;0;0;0.5
666;61.6585;9.9712;0;1;0;0;0.5
647;61.2715;10.2042;0;1;0;0;0.5
580;61.3453;9.7689;0;1;0;0;0.5
264;60.7002;10.8695;0.1;1;0;1;1.17462
372;60.295;10.5753;0;1;12;NA;NA
516;60.4553;10.3645;0.3;1;0;2.99;2
562;60.9355;10.0347;0;1;0;0;0.5
526;61.0032;9.9822;0;1;0;0;0.5
474;60.6197;9.7238;0;1;0;0;0.5
628;60.8346;9.4905;0;1;0;0;0.5
489;61;9.5667;0;1;0;0.05;0.72875
442;60.9223;9.4167;0;1;0;0;0.5
1055;61.3288;8.8007;0.9;1;0;0.01;0.64494
489;61.124;8.569;2.5;1;0;4.88;2
430;59.417;9.7007;1.3;1;0;0.58;1.6915
462;60.1252;10.477;0.3;1;0;2.64;2
442;60.123;10.4012;0;1;12;NA;NA
66;60.1088;10.2948;0;1;0;3.39;2
160;60.5611;9.9875;0;1;0;0.4;0.85215
149;60.3897;9.573;0.3;1;12;NA;NA
861;60.883;8.8333;0;1;0;0;0.5
608;60.857;8.6033;0;1;0;0;0.5
800;60.6842;8.3044;2.3;1;0;0.15;0.5
720;60.6391;8.5609;0.4;1;12;NA;NA
795;60.5263;8.223;0;1;0;4.97;2
871;60.4166;8.453;0;1;0;0.34;1.1234
271;60.2437;9.3522;0;1;0;0.25;0.68917
116;59.9125;9.8755;0;1;0;0.04;0.56345
122;59.5733;10.492;0;1;0;3.44;2
288;59.9087;9.5235;0;1;0;0.02;0.66822
243;60.0518;9.1542;0;1;0;1.39;1.41211
378;60.267;8.9575;0;1;0;0.14;0.91502
486;60.2682;8.7798;0;1;0;2.28;2
78;59.4915;10.296;0.4;1;0;3.59;2
3;59.3167;10.5167;0.2;1;0;0.07;0.5
6;59.132;10.2147;0.6;1;0;0.55;1.80792
34;59.1181;10.1991;0;1;12;NA;NA
31;59.196;9.9641;0.7;1;0;0.05;0.5
121;59.4173;9.9438;0.7;1;0;0.34;0.71246
16;58.995;10.034;0;1;0;4.35;2
44;59.357;10.2466;0.2;1;0;0.12;0.77299
43;59.1578;10.4402;0.5;1;0;0;0.5
6;59.0272;10.5242;NA;1;1;NA;NA
12;59.123;9.6288;0.3;1;0;1.1;2
24;59.2;9.6;0.4;1;0;0.86;1.29569
460;59.447;9.5385;1.1;1;0;0.61;1.53783
34;59.5688;9.2643;0.1;1;0;0.94;1.77532
96;59.5819;9.2575;0.1;1;0;0.7;1.617
200;59.7333;9.0167;0.2;1;0;0.36;0.5
397;59.8033;8.9872;0.1;1;0;0.07;0.60768
6;58.9917;9.757;0.1;1;0;0.22;0.5
12;58.8653;9.5975;0;1;0;3.51;2
48;58.9668;9.3137;0.1;1;0;0.01;0.5518
82;59.0993;9.0677;0.1;1;0;0.75;1.54715
162;59.1482;8.794;0.4;1;0;1.45;0.80093
464;59.2647;8.7686;0;1;9;8.29;2
106;59.421;8.9;1.8;1;0;4.62;2
26;59.3885;9.1723;0.3;1;0;2.22;1.64959
514;59.8861;9.058;0;1;0;0.42;1.48661
775;60.1283;8.6703;0.1;1;0;11.8;2
258;59.88;8.6663;0;1;12;NA;NA
464;59.7463;8.8083;0.1;1;0;2.49;1.77066
686;59.7903;8.695;1;1;0;2.59;2
77;59.4058;8.473;0.5;1;0;0;0.5
257;59.3185;8.4317;0;1;12;NA;NA
164;58.9512;8.5178;0;1;12;NA;NA
252;59.0257;8.5187;1.1;1;12;NA;NA
344;59.1605;8.395;0.2;1;0;0;0.5
599;59.0593;7.9843;0.3;1;0;0.38;0.98952
303;59.169;8.038;0.6;1;0;0.22;0.5
499;59.1847;8.1143;0.3;1;0;0.06;0.77998
573;59.4977;8.2012;1;1;0;0.07;0.61932
400;59.3642;8.0537;0.3;1;0;0.52;1.73807
960;59.8672;8.0842;2.3;1;0;0.01;0.5
803;59.6285;8.2593;2.9;1;0;2.5;2
715;59.7057;8.0317;1.5;1;0;1.43;1.98021
551;59.5667;7.9667;0.8;1;0;3.75;2
471;59.6251;7.8045;4.8;1;0;1.84;2
840;59.7653;7.3683;3.8;1;0;5.65;2
12;58.3988;8.7893;2.2;1;0;2.3;2
243;58.8875;8.9667;0.5;1;0;0.06;0.75437
170;58.7617;8.867;1.1;1;0;0.61;1.82654
4;58.6361;9.1479;0.4;1;0;2.7;2
42;58.4697;8.6157;0.8;1;0;0.29;0.84284
245;58.633;8.2888;1.1;1;0;0.09;0.85681
259;58.5234;8.0392;2.2;1;0;2.99;2
66;58.4248;8.3002;2.1;1;0;0.01;0.5
85;58.5222;8.35;1.7;1;0;0.3;0.65891
310;58.9433;8.203;0.7;1;0;0.31;0.90105
227;58.8438;8.661;0;1;12;NA;NA
220;58.7938;8.2295;0.6;1;0;0.01;0.68452
140;58.4;7.9167;8.7;1;0;12.16;2
190;58.5175;7.7362;4.9;1;0;1.25;0.5
212;58.6662;7.8085;4;1;0;0.03;0.5
207;58.9578;7.6827;3.8;1;0;0.13;0.88708
443;59.1067;7.4912;2.1;1;0;0;0.5
364;59.2382;7.5467;3;1;0;1.26;1.79395
599;59.3515;7.3445;2.4;1;0;2.56;1.62165
901;59.6402;7.4403;11.8;1;0;8.83;2
12;58.2;8.0767;1.7;1;0;2.18;2
9;58.0732;8.0532;7.9;1;0;-1;NA
138;58.0475;7.4472;21.1;1;0;1.49;1.92899
14;58.109;6.5675;5.9;1;0;10.6;2
275;58.3195;7.5927;7.4;1;0;0.39;1.42608
110;58.3935;7.5248;6.3;1;0;1.34;0.5
263;58.556;7.3782;11.4;1;0;0.14;0.59371
268;58.6172;7.4128;9.4;1;0;2.21;2
260;58.25;7.3167;8.5;1;0;0.9;1.99418
16;57.9826;7.0478;6.1;1;0;1.49;1.9057
4;58.1343;7.0448;23.1;1;0;1.54;2
343;58.3;7.05;18.7;1;0;0.23;1.03027
26;58.281;6.816;23.7;1;0;0.18;1.27707
236;58.4577;7.0087;11.7;1;0;1.22;1.72875
348;58.6577;6.9443;22.3;1;0;2.58;2
54;58.659;6.7032;20.8;1;0;0.09;0.79627
474;58.8205;6.7145;13.8;1;0;0.9;1.27241
500;58.8875;6.8485;14;1;0;0.01;0.5
582;58.9455;6.9183;12.1;1;0;0;0.5
63;58.4353;5.9025;8.6;1;0;0;0.50757
94;58.536;6.1625;25.3;1;0;0.27;0.94529
72;58.9563;5.7278;10.1;1;0;0.59;0.67288
25;59.3968;5.2947;6.8;1;0;0.2;0.94994
196;58.546;6.3542;21;1;0;0.03;0.5
70;58.6778;6.3548;22.2;1;0;0;0.5
254;58.6462;5.811;18.6;1;0;1.88;2
311;58.7645;6.3675;25;1;0;1.16;1.87311
263;58.6855;5.9817;24.2;1;0;0.12;1.37951
288;58.755;6.0135;23.9;1;0;0.23;1.29104
297;58.7833;6.0857;18;1;0;0.34;0.96391
4;59.0153;6.4323;9;1;0;1.34;2
5;59.0552;6.6467;17.2;1;0;0.84;0.82421
64;59.0743;6.019;12.3;1;0;0.75;0.84051
1;59.1767;6.0683;10.1;1;0;1.32;1.96624
382;59.3745;6.4312;27.9;1;0;1.03;2
200;59.3805;6.5248;21.9;1;0;0.39;1.07218
58;59.4617;6.417;16.8;1;0;4.47;1.59371
15;59.5453;6.3613;25.8;1;0;1.92;2
5;59.6478;6.35;11.5;1;0;2.69;2
19;59.1332;5.6058;7.2;1;0;2.42;2
10;59.345;5.7973;22.9;1;0;5.83;2
2;59.149;5.2495;5.3;1;0;0;0.5
55;59.3065;4.8723;NA;1;1;NA;NA
159;59.5532;5.9902;13.1;1;0;0.18;0.94296
11;59.5;5.6;11.6;1;0;0.01;0.5
48;60.26;5.3533;17.2;1;0;2.64;2
41;60.3967;5.3086;12.4;1;0;0.1;0.52386
83;59.6642;6.0657;10.1;1;0;0.69;2
35;59.7927;5.4318;5.1;1;0;0.42;1.37485
4;59.8913;5.5288;22.8;1;0;5.05;2
20;59.9167;5.3167;4.8;1;0;3.4;2
38;59.8547;6.0167;19.1;1;0;0.75;1.75669
60;59.8436;5.7655;11.9;1;0;0.28;0.8638
75;59.9913;6.0263;2.2;1;0;2.93;2
342;60.2803;6.3778;39.3;1;0;7.05;2
393;59.8304;6.8238;10.4;1;0;0;0.54482
390;59.8223;6.8188;8.3;1;0;1.08;2
1079;59.8402;6.9825;10.7;1;0;0.21;0.88475
395;59.9102;6.5098;28.8;1;0;3.02;2
32;60.1198;6.5608;5.7;1;0;1.94;2
12;60.3185;6.6538;7.7;1;0;0.25;1.19325
108;60.3725;6.7382;3.2;1;0;4.93;2
117;60.4672;6.8605;29.1;1;0;6.53;2
5;60.4668;7.0723;19.1;1;0;2;2
748;60.4226;7.2739;5.5;1;0;1.74;1.57043
1223;60.6025;7.5043;7.7;1;0;0.01;0.5
352;60.5918;6.805;10.6;1;0;0.88;1.06752
202;60.7365;6.1438;22.5;1;0;0.44;1.08149
328;60.6455;6.222;10.9;1;0;0.77;1.73341
125;60.6421;6.4893;14.2;1;0;0.42;0.53318
590;60.685;6.7433;11.9;1;0;0;0.5
460;60.795;6.6887;8.5;1;0;0.11;0.88242
18;60.4323;6.419;20.9;1;0;0.68;1.36088
2;60.217;5.9837;19.5;1;0;0.03;0.66589
41;60.369;5.7473;18.4;1;0;0.06;0.5
408;60.3933;5.9133;26.6;1;0;0.01;0.59604
370;60.464;5.8938;33.1;1;0;1.59;2
456;60.7995;6.0627;18.8;1;0;0.33;0.5
450;60.8028;6.1469;23.3;1;0;0.29;0.98254
579;60.8288;6.2645;12.7;1;0;0.25;0.86147
114;60.841;5.9533;30.2;1;0;2.69;2
60;60.5;5.55;12.9;1;0;0.94;1.41676
27;60.6055;5.059;9.8;1;0;0.06;0.51222
72;60.6268;5.3742;13.4;1;0;0.04;0.5
20;60.7528;4.7106;2.9;1;0;0.06;0.5
196;60.8248;5.5732;24;1;0;0.04;0.69849
18;60.8833;5.5833;17.2;1;0;0.39;0.59139
13;60.8462;5.2108;7.1;1;0;0.21;0.74971
30;61.5888;5.472;21.4;1;0;0.19;0.57276
10;61.5641;4.7905;9.2;1;0;0.13;0.5
105;61.6927;5.575;34.5;1;0;0.81;1.98487
38;61.0272;5.3813;22;1;0;0.39;0.99418
240;60.9585;5.425;28.2;1;0;1.46;2
3;61.007;4.6693;2.9;1;0;0;0.5
4;61.1095;6.134;7.1;1;0;0.8;1.80326
243;61.2315;6.083;19.4;1;0;0.98;1.40745
31;61.1122;5.5413;7;1;0;3.02;2
51;61.1722;6.6435;47.3;1;0;16.09;2
53;61.1802;6.8627;7.5;1;0;0.26;0.69616
10;61.4351;6.7707;19.7;1;0;0.08;1.13737
855;60.7343;7.1217;16.7;1;0;0.04;0.80559
36;61.0617;7.5167;2;1;0;0.02;0.52619
502;61.0742;7.9553;0.3;1;0;1.2;2
329;61.0037;7.0093;8.9;1;0;2.9;2
27;61.5017;7.6964;4.5;1;0;0.04;0.54715
38;61.5052;7.7008;5.5;1;0;0.12;0.5
98;61.5245;7.2762;6.9;1;0;2.09;1.38417
305;61.6595;7.2762;6;1;0;0.35;1.20256
370;61.6718;7.326;7.7;1;0;0.32;0.5099
5;61.3007;4.6647;6.5;1;0;0.74;0.5
3;61.4333;5.1667;9;1;0;1.16;0.8149
119;61.4327;5.2217;25.8;1;0;6.08;2
85;61.232;5.4342;12.3;1;0;0.07;0.86845
71;61.2467;5.5272;15.9;1;0;0.3;0.61467
51;61.3533;5.4022;13.7;1;0;0.06;0.75204
79;61.328;5.798;9.8;1;0;0.85;1.71478
241;61.318;6.218;15.2;1;0;0.11;0.5
205;61.5722;6.4873;10.8;1;0;0;0.5
311;61.4202;6.3758;14.6;1;0;0.09;0.5
41;61.4647;5.8412;14.4;1;0;0.04;0.5681
237;61.5349;6.0586;18;1;0;0.27;0.64726
34;61.4923;5.4607;21.8;1;0;0.27;0.84517
16;61.7707;5.2983;27.7;1;0;0.48;1.56112
3;61.8833;5.55;24.4;1;0;0.4;1.20722
33;61.8902;5.6433;14.9;1;0;1;1.44005
38;62.0346;4.9859;11.5;1;0;-1;NA
1;61.9663;5.1383;9.1;1;0;5.94;2
75;62.1467;5.2115;28.4;1;0;1.44;1.50058
34;61.9178;6.0368;17.3;1;0;1.73;0.5
349;62.0033;6.6497;12.4;1;0;0.03;0.5
177;61.6315;5.7198;21.1;1;0;0.3;0.71478
315;61.708;6.6092;8;1;0;0.24;1.09546
32;61.8501;6.6256;11.5;1;0;0.04;0.5
81;61.8623;6.7553;12.4;1;0;0.11;0.87544
40;61.69;6.8052;6.4;1;0;2.43;2
39;61.8729;6.857;10.6;1;0;0.56;0.73574
201;61.9322;7.2246;12.8;1;0;3.71;2
118;61.9238;6.5418;11.4;1;0;0.04;0.57742
33;62.4654;6.4013;27.2;1;0;0.04;0.51921
136;62.4762;6.2015;24.2;1;0;0.04;0.5
17;62.4015;6.0083;34.5;1;0;1.2;1.88708
58;62.1671;6.037;22.6;1;0;2.49;0.56577
35;62.2025;6.1323;34.7;1;0;0.49;1.81257
5;62.4775;6.8167;17.6;1;0;0.03;0.63795
28;62.2418;7.2418;7;1;0;0.33;1.49127
11;62.2305;7.4218;6.4;1;0;0.16;0.98719
312;62.3242;7.5077;6.1;1;0;1.48;1.97555
79;62.315;6.9322;10.1;1;0;1.86;1.96158
419;62.0765;7.2415;5.8;1;0;0.55;1.32363
398;62.4092;7.214;22.3;1;0;7.37;2
13;62.6017;6.3187;20.9;1;0;0.03;0.56112
21;62.6162;7.2107;13.7;1;0;0.87;0.77066
200;62.5;7.35;15.5;1;0;0.03;0.84983
39;62.473;8.1767;0;1;12;NA;NA
20;62.8585;6.5378;11.4;1;0;0.02;0.66123
16;62.9833;7.1167;15.5;1;0;0.43;1.84983
12;62.978;8.2393;5.9;1;0;2.37;2
69;62.8405;8.2983;9.4;1;0;0.01;0.5
201;62.8333;8.35;9.8;1;0;0;0.5
47;62.6855;8.4219;8.6;1;0;0;0.5
10;62.675;8.5588;7;1;0;0.19;1.0163
405;62.722;8.7753;7.7;1;0;5.09;2
179;63.2776;8.606;5.4;1;0;0.2;0.78929
162;67.0667;15;0;1;0;0;0.5
11;67.267;14.3637;0;1;0;0;0.5
6;68.2883;17.31;0;1;0;0;0.5
56;68.1821;17.5535;0;1;0;0.04;0.71013
17;68.4697;17.4983;0;1;0;0.02;0.63097
24;65.1245;12.3745;0;1;0;0.07;0.5
25;65.3167;12.6667;0;1;0;0;0.5
53;66.0668;12.9097;0;1;0;0;0.5
4;65.8514;13.195;0;1;0;0;0.5
121;65.4413;13.3988;0.3;1;0;0.81;1.04889
339;65.18;13.42;0;1;0;2.52;2
417;65.4043;13.666;0;1;12;NA;NA
265;65.5117;14.0217;1.1;1;0;2.34;1.64494
498;65.3675;14.2457;0.1;1;0;2.28;2
594;65.6853;14.4863;0;1;0;0.26;1.46333
50;66.0932;13.8138;20.9;1;0;11.51;2
532;66.1667;14.6;0;1;0;0;0.5
31;66.2617;13.9713;0;1;0;3.16;2
250;66.4147;14.2632;0;1;0;0.43;0.83586
320;66.3058;14.8333;0;1;0;0.06;0.5
549;66.4934;15.2391;0;1;0;0;0.5
115;66.3892;13.1848;0;1;0;0;0.5
40;66.7428;13.5715;0;1;0;-1;NA
39;66.8102;13.9793;0;1;0;0;0.5
15;67.0262;14.5758;0;1;0;0;0.5
217;66.7615;14.5735;0;1;0;0;0.5
26;66.975;15.3028;0;1;0;0;0.5
210;66.8012;15.5787;0;1;0;1.03;1.23981
511;66.7425;15.4633;0;1;0;0;0.5
165;67.2378;15.3038;0;1;0;0;0.5
7;67.5923;15.8897;0;1;0;0.05;0.73108
54;67.5333;15.4667;0;1;0;0;0.5
31;67.923;15.1123;0;1;0;0;0.5
76;67.8079;15.984;0;1;0;0;0.5
53;68.0007;15.6098;0;1;0;0;0.5
61;68.0582;16.654;0;1;0;0;0.5
38;68.1;16.3667;0;1;0;0;0.5
19;68.4802;16.8857;0;1;0;0;0.5
10;67.5063;12.0762;NA;1;1;NA;NA
13;68.1417;13.6057;2.5;1;12;NA;NA
11;68.1535;14.6485;0;1;0;0;0.5
4;68.35;15.0333;0;1;0;0;0.5
12;68.6322;14.463;0;1;0;0;0.5
91;68.6552;15.6068;0;1;0;0;0.5
10;69.3073;16.1312;0;1;0;0;0.5
17;67.9263;13.0865;17.7;1;9;1.49;1.92433
100;69.6536;18.9368;0;1;0;0;0.5
8;69.7825;18.763;0;1;0;0;0.5
6;69.6055;19.8045;0;1;0;0;0.5
14;68.828;16.49;0;1;0;0;0.5
36;68.7718;16.1875;0;1;0;0;0.5
7;68.5835;16.5692;0;1;0;0;0.5
16;68.6933;17.4245;0;1;0;0;0.5
22;68.7333;17.8;0;1;0;0;0.5
3;69.2703;18.5365;0;1;0;0;0.5
76;69.0577;18.5437;0;1;0;0;0.5
78;69.0178;19.2803;0;1;0;0;0.5
13;69.2038;17.5323;0;1;0;0;0.5
9;69.5517;17.9128;0;1;0;0;0.5
14;69.6013;17.8303;0;1;0;0;0.5
12;69.3538;18.075;0;1;0;0;0.5
12;69.3297;18.889;0;1;0;0;0.5
27;69.2466;19.2274;0;1;0;0;0.5
7;70.0083;19.573;0;1;0;0;0.5
6;69.567;20.2268;0;1;0;0.23;0.7078
37;69.258;19.9837;0;1;0;0;0.51688
8;69.3667;20.2833;0;1;0;0.01;0.67753
330;69.208;20.7;0.2;1;0;1.22;1.75204
55;69.4873;20.528;0;1;0;0.84;1.58906
1;69.7412;21.0235;0;1;0;1.4;1.81723
98;69.5032;21.4615;4.6;1;0;4.25;2
65;69.7153;22.1285;0;1;0;0;0.5
6;69.8353;21.8925;0;1;0;0;0.5
33;70.0076;22.027;0;1;0;0;0.5
10;70.3707;31.0962;1.1;1;0;0.01;0.51455
16;70.1885;30.3387;1.2;1;0;1;1.76601
69;70.6773;23.6633;0;1;0;0;0.5
701;69.2745;22.4948;1.7;1;0;0.12;0.67055
389;69.7545;23.9342;0.1;1;0;3;2
10;70.3348;21.4528;0;1;0;-1;NA
62;70.4328;24.508;0.2;1;0;1.1;0.96857
13;71.0937;23.9817;0;1;0;-1;NA
33;71.0615;26.2213;0.9;1;0;-1;NA
43;70.4333;25.1833;0.8;1;0;3.58;2
74;69.8373;25.0872;0.1;1;0;1.6;2
5;70.06;24.99;0;1;0;0.21;1.03492
35;70.0667;25.1167;0;1;0;0.11;0.92666
10;70.3172;25.5472;0.3;1;0;1.24;0.86612
132;69.6925;25.9273;0.7;1;0;4.52;2
155;69.4683;25.4817;0;1;0;0.53;1.52386
286;69.3695;24.4312;0.1;1;0;2.04;1.82189
382;69.566;24.3912;0;1;0;3.34;2
153;69.2482;25.6945;0.4;1;0;0.92;0.97555
22;70.351;26.5268;0;1;0;0;0.5
8;71.0888;28.217;5.9;1;0;-1;NA
4;70.8519;29.1075;1.5;1;0;-1;NA
160;70.5982;29.057;0.8;1;0;0.14;0.5
10;70.3968;28.1928;0;1;0;0.24;1.35623
30;70.0812;27.9792;0.1;1;0;0.39;1.25378
51;70.0185;27.4018;0;1;0;0;0.5
9;70.176;28.722;0.3;1;0;2.5;2
7;70.011;29.124;3.7;1;0;6.04;2
9;70.7057;30.07;2.2;1;0;0.1;0.82189
5;69.8583;29.3667;2;1;0;1.66;0.92433
89;69.7255;29.8977;0;1;0;0.06;0.78463
28;69.4507;30.0692;0;1;0;0.02;0.64261
55;69.3698;29.6885;0;1;0;1.06;1.62631
54;69.1648;29.2457;0.3;1;0;3.58;2
15;69.7437;30.4785;0.4;1;0;2.52;2
98;63.3948;10.1152;0.3;1;0;0.95;2
113;63.4225;10.4303;1.8;1;0;1.63;1.87776
50;64.1163;11.729;1.6;1;0;0.75;1.00698
9;63.2066;8.991;6.3;1;0;0.87;1.46799
133;63.2588;9.0038;4;1;0;0.78;1.68219
20;63.5212;9.0943;1.2;1;0;2.47;2
23;63.6238;8.7208;3;1;0;0.81;0.71711
10;63.7045;9.6105;1.4;1;0;0.03;0.5
15;63.5002;9.8313;1;1;0;0.02;0.60303
94;63.918;10.4055;0.4;1;0;0.32;0.74272
280;64.1003;10.523;1.5;1;0;0.14;0.99884
12;64.2448;10.3257;1.6;1;0;1.49;2
596;62.6708;9.1967;0;1;0;4.72;2
625;62.6037;9.6837;0;1;0;0.49;1.39814
803;62.7672;9.5687;0;1;0;0.1;0.77765
360;62.8667;9.8333;0;1;0;0.14;0.93364
84;63.2942;9.7292;1.8;1;0;0.49;0.5
300;63.3308;9.6488;3.4;1;0;0.76;1.98952
22;63.205;9.7887;1.8;1;0;0.09;0.5
160;63.1928;9.8;1.9;1;0;0.53;0.9057
203;63.1842;9.5945;3.7;1;0;0.52;1.88242
685;62.4342;11.8517;0;1;0;0.24;1.07683
628;62.5742;11.3787;0;1;0;0.1;1.04424
712;62.642;11.882;0.3;1;0;0;0.5
830;62.6388;12.0285;0.1;1;0;1.14;1.89173
290;62.9058;11.1763;2.7;1;0;0.52;1.5844
82;63.0295;10.2813;2.6;1;12;NA;NA
592;62.8207;10.454;0;1;0;4.03;2
330;62.9975;10.5199;1.7;1;0;0.03;0.62398
360;63.1155;10.0187;0;1;0;10.14;2
50;63.1465;10.3215;1.9;1;0;2.7;2
173;63.2315;10.4369;0;1;12;NA;NA
133;63.2518;10.045;0.9;1;0;0.62;1.24913
143;63.3;10.4667;2.3;1;0;0.99;2
255;63.2088;11.1132;1.1;1;0;1.75;2
242;63.2058;11.1175;2.7;1;0;0.74;0.91269
688;63.3125;10.9227;3.9;1;0;1.14;1.68685
302;63.0556;11.5669;1.8;1;0;1.16;1.7986
441;63.0318;11.6817;4.6;1;0;1.33;1.55646
145;63.4431;11.6992;5.3;1;0;5.53;2
587;63.2727;11.806;3.7;1;0;0.01;0.5
294;63.3958;11.8413;1.7;1;0;3.14;2
12;63.4597;10.9305;1.8;1;0;0.26;0.5
25;63.5833;10.7667;0.8;1;0;0.87;1.10943
95;63.7167;11.2333;3;1;0;3.61;2
251;63.664;12.0061;2.3;1;0;0;0.5
186;64.043;11.0852;0;1;12;NA;NA
305;63.9853;10.8772;2.1;1;0;0;0.5
85;64.21;11.2023;1.8;1;0;1.33;0.80326
195;64.1587;12.4692;0.9;1;0;0;0.5
370;64.2432;13.765;2.2;1;0;2.93;2
462;64.4473;13.713;0;1;0;2.14;2
376;64.6837;13.6506;0;1;0;0.15;0.72177
426;64.8833;13.55;1.2;1;0;0.25;1.39348
498;64.9855;13.586;1.4;1;0;2.62;2
116;64.716;12.7922;0;1;0;0.03;0.5
216;64.9205;13.1817;0;1;0;2.54;2
118;64.5867;12.5123;0;1;0;0.08;0.78231
26;64.4815;11.8397;0.9;1;0;0.01;0.5
15;64.8797;11.2638;0;1;0;0.59;1.2631
47;65.0975;11.7022;0;1;0;0.71;1.32829
30;63.6373;10.1275;1.5;1;0;0.07;0.617
158;63.6427;10.1838;1.5;1;0;0;0.5
